#wv  Transmissive_long_v1.1  4OAP_v1.0 Off-axis-conics_v1.0
0.37  0.00440735  0.168842  0.080786
0.38  0.0815716  0.336042  0.235645        
0.39  0.197131  0.457448  0.362531        
0.4  0.315203  0.529102  0.448241        
0.41  0.380268  0.572442  0.493896        
0.42  0.410599  0.588549  0.521466        
0.43  0.429994  0.600552  0.544283        
0.44  0.453899  0.615047  0.557694        
0.45  0.472297  0.626062  0.567187
0.46  0.487712  0.63604  0.581973        
0.47  0.504845  0.647114  0.595452        
0.48  0.521332  0.657171  0.607527        
0.49  0.536167  0.666074  0.618099        
0.5  0.549068  0.673758  0.62707        
0.51  0.560202  0.680766  0.635483        
0.52  0.5698  0.686513  0.642294        
0.53  0.577349  0.691051  0.647552        
0.54  0.582964  0.694426  0.6513        
0.55  0.586768  0.69673  0.653588        
0.56  0.588977  0.69819  0.654779        
0.57  0.589641  0.698523  0.654509        
0.58  0.588558  0.698035  0.65325        
0.59  0.586256  0.697029  0.651476        
0.6  0.583265  0.69581  0.649657        
0.61  0.580113  0.694812  0.648447        
0.62  0.577332  0.69442  0.647194        
0.63  0.576304  0.69402  0.646062        
0.64  0.576213  0.693645  0.645216        
0.65  0.57652  0.693328  0.644821        
0.66  0.577145  0.693104  0.645185        
0.67  0.578005  0.693004  0.646        
0.68  0.579019  0.693072  0.647088        
0.69  0.580106  0.693421  0.648274        
0.7  0.581184  0.693932  0.649382        
0.71  0.581991  0.694564  0.650068        
0.72  0.582845  0.695275  0.650675        
0.73  0.583724  0.696024  0.651229        
0.74  0.584603  0.696769  0.651757        
0.75  0.585458  0.697469  0.652284        
0.76  0.586265  0.698066  0.652991        
0.77  0.587  0.698526  0.653698        
0.78  0.58764  0.698934  0.654343        
0.79  0.588151  0.699284  0.654859        
0.8  0.588456  0.699574  0.655187        
0.81  0.588649  0.699799  0.655233        
0.82  0.588748  0.699955  0.655088        
0.83  0.588773  0.70004  0.654817        
0.84  0.588742  0.700045  0.654479        
0.85  0.588675  0.699921  0.654139        
0.86  0.58859  0.699722  0.653908        
0.87  0.588507  0.699485  0.653674        
0.88  0.588445  0.699248  0.653444        
0.89  0.589773  0.698251  0.652478        
0.9  0.593827  0.700411  0.65441        
0.91  0.597872  0.703075  0.662717        
0.92  0.601082  0.705737  0.671047        
0.93  0.602979  0.708347  0.676375        
0.94  0.60308  0.710896  0.675635        
0.95  0.600896  0.713406  0.665717        
