0.000000000000000,0.004647814668715000
0.007002801120448180,0.01465567201375961
0.01400560224089636,0.02164166793227196
0.02100840336134454,0.02924681641161442
0.02801120448179272,0.03919998928904533
0.03501400560224090,0.05047880485653877
0.04201680672268908,0.06196060404181480
0.04901960784313725,0.07348833978176117
0.05602240896358544,0.08548720926046371
0.06302521008403361,0.09790766984224319
0.07002801120448179,0.1106606870889664
0.07703081232492998,0.1236670762300491
0.08403361344537816,0.1368154734373093
0.09103641456582634,0.1499879211187363
0.09803921568627451,0.1630814075469971
0.1050420168067227,0.1761673390865326
0.1120448179271709,0.1891686618328094
0.1190476190476191,0.2021349221467972
0.1260504201680672,0.2150390744209290
0.1330532212885154,0.2279376536607742
0.1400560224089636,0.2408572137355804
0.1470588235294118,0.2537362873554230
0.1540616246498600,0.2665141224861145
0.1610644257703081,0.2791855931282043
0.1680672268907563,0.2918209731578827
0.1750700280112045,0.3043885529041290
0.1820728291316527,0.3169472217559814
0.1890756302521008,0.3296441137790680
0.1960784313725490,0.3424959480762482
0.2030812324929972,0.3553564250469208
0.2100840336134454,0.3681130409240723
0.2170868347338936,0.3807406723499298
0.2240896358543417,0.3932429850101471
0.2310924369747899,0.4056048989295959
0.2380952380952381,0.4177748858928680
0.2450980392156863,0.4297352731227875
0.2521008403361344,0.4414961636066437
0.2591036414565827,0.4530574381351471
0.2661064425770308,0.4644171595573425
0.2731092436974790,0.4755634963512421
0.2801120448179272,0.4864945113658905
0.2871148459383754,0.4972083866596222
0.2941176470588235,0.5077087879180908
0.3011204481792717,0.5179937481880188
0.3081232492997199,0.5280650258064270
0.3151260504201681,0.5379276275634766
0.3221288515406163,0.5475837588310242
0.3291316526610644,0.5570324063301086
0.3361344537815126,0.5662696361541748
0.3431372549019608,0.5752953290939331
0.3501400560224090,0.5841184854507446
0.3571428571428572,0.5927420854568481
0.3641456582633054,0.6011626720428467
0.3711484593837535,0.6093937754631042
0.3781512605042017,0.6174473762512207
0.3851540616246499,0.6253187060356140
0.3921568627450980,0.6330135464668274
0.3991596638655462,0.6405313611030579
0.4061624649859944,0.6478801369667053
0.4131652661064426,0.6550616025924683
0.4201680672268908,0.6620706915855408
0.4271708683473390,0.6689194440841675
0.4341736694677871,0.6756111383438110
0.4411764705882353,0.6821532845497131
0.4481792717086835,0.6885396242141724
0.4551820728291316,0.6947680115699768
0.4621848739495799,0.7008490562438965
0.4691876750700280,0.7067852020263672
0.4761904761904762,0.7125831246376038
0.4831932773109244,0.7182441353797913
0.4901960784313726,0.7237704396247864
0.4971988795518207,0.7291705012321472
0.5042016806722689,0.7344411015510559
0.5112044817927172,0.7395834922790527
0.5182072829131653,0.7446061372756958
0.5252100840336135,0.7495109438896179
0.5322128851540616,0.7543001770973206
0.5392156862745098,0.7589724063873291
0.5462184873949580,0.7635332345962524
0.5532212885154062,0.7679906487464905
0.5602240896358543,0.7723441123962402
0.5672268907563025,0.7765927314758301
0.5742296918767508,0.7807387709617615
0.5812324929971989,0.7847886085510254
0.5882352941176471,0.7887470722198486
0.5952380952380952,0.7926121950149536
0.6022408963585434,0.7963849902153015
0.6092436974789917,0.8000703454017639
0.6162464985994398,0.8036722540855408
0.6232492997198880,0.8071910738945007
0.6302521008403361,0.8106266856193542
0.6372549019607844,0.8139843344688416
0.6442577030812325,0.8172655701637268
0.6512605042016807,0.8204716444015503
0.6582633053221288,0.8236054182052612
0.6652661064425771,0.8266689181327820
0.6722689075630253,0.8296642899513245
0.6792717086834734,0.8325915932655334
0.6862745098039216,0.8354497551918030
0.6932773109243697,0.8382426500320435
0.7002801120448180,0.8409741520881653
0.7072829131652661,0.8436469435691833
0.7142857142857143,0.8462615609169006
0.7212885154061625,0.8488156795501709
0.7282913165266107,0.8513138890266418
0.7352941176470589,0.8537590503692627
0.7422969187675070,0.8561515212059021
0.7492997198879552,0.8584918975830078
0.7563025210084033,0.8607809543609619
0.7633053221288516,0.8630204796791077
0.7703081232492998,0.8652110099792480
0.7773109243697479,0.8673549890518188
0.7843137254901961,0.8694545626640320
0.7913165266106443,0.8715099692344666
0.7983193277310925,0.8735220432281494
0.8053221288515406,0.8754913806915283
0.8123249299719888,0.8774186968803406
0.8193277310924371,0.8793060183525085
0.8263305322128852,0.8811553716659546
0.8333333333333334,0.8829673528671265
0.8403361344537815,0.8847419023513794
0.8473389355742297,0.8864790201187134
0.8543417366946779,0.8881803750991821
0.8613445378151261,0.8898466825485229
0.8683473389355743,0.8914793133735657
0.8753501400560224,0.8930802345275879
0.8823529411764707,0.8946493864059448
0.8893557422969188,0.8961870074272156
0.8963585434173670,0.8976938724517822
0.9033613445378151,0.8991711735725403
0.9103641456582633,0.9006198644638062
0.9173669467787116,0.9020408391952515
0.9243697478991597,0.9034342765808105
0.9313725490196079,0.9048004150390625
0.9383753501400560,0.9061400890350342
0.9453781512605043,0.9074543118476868
0.9523809523809524,0.9087432026863098
0.9593837535014006,0.9100076556205750
0.9663865546218487,0.9112488627433777
0.9733893557422969,0.9124668240547180
0.9803921568627452,0.9136616587638855
0.9873949579831933,0.9148339629173279
0.9943977591036415,0.9159849286079407
1.001400560224090,0.9171153306961060
1.008403361344538,0.9182251691818237
1.015406162464986,0.9193140268325806
1.022408963585434,0.9203826785087585
1.029411764705882,0.9214324355125427
1.036414565826331,0.9224633574485779
1.043417366946779,0.9234755039215088
1.050420168067227,0.9244697690010071
1.057422969187675,0.9254466295242310
1.064425770308123,0.9264065027236938
1.071428571428571,0.9273496866226196
1.078431372549020,0.9282762408256531
1.085434173669468,0.9291869997978210
1.092436974789916,0.9300822019577026
1.099439775910364,0.9309617280960083
1.106442577030812,0.9318258762359619
1.113445378151261,0.9326754212379456
1.120448179271709,0.9335111379623413
1.127450980392157,0.9343327879905701
1.134453781512605,0.9351403713226318
1.141456582633053,0.9359344244003296
1.148459383753502,0.9367153644561768
1.155462184873950,0.9374834299087524
1.162464985994398,0.9382387995719910
1.169467787114846,0.9389820098876953
1.176470588235294,0.9397132992744446
1.183473389355742,0.9404326081275940
1.190476190476190,0.9411401152610779
1.197478991596639,0.9418360590934753
1.204481792717087,0.9425211548805237
1.211484593837535,0.9431957006454468
1.218487394957983,0.9438593983650208
1.225490196078431,0.9445126652717590
1.232492997198880,0.9451557993888855
1.239495798319328,0.9457889795303345
1.246498599439776,0.9464123249053955
1.253501400560224,0.9470258951187134
1.260504201680672,0.9476300477981567
1.267507002801121,0.9482249021530151
1.274509803921569,0.9488106966018677
1.281512605042017,0.9493877291679382
1.288515406162465,0.9499561190605164
1.295518207282913,0.9505161046981812
1.302521008403361,0.9510678648948669
1.309523809523810,0.9516112804412842
1.316526610644258,0.9521466493606567
1.323529411764706,0.9526740908622742
1.330532212885154,0.9531940221786499
1.337535014005602,0.9537063241004944
1.344537815126051,0.9542111754417419
1.351540616246499,0.9547088146209717
1.358543417366947,0.9551992416381836
1.365546218487395,0.9556826353073120
1.372549019607843,0.9561591148376465
1.379551820728291,0.9566287398338318
1.386554621848739,0.9570917487144470
1.393557422969188,0.9575483202934265
1.400560224089636,0.9579985141754150
1.407563025210084,0.9584425687789917
1.414565826330532,0.9588805437088013
1.421568627450980,0.9593124389648438
1.428571428571429,0.9597383737564087
1.435574229691877,0.9601585268974304
1.442577030812325,0.9605730772018433
1.449579831932773,0.9609820246696472
1.456582633053221,0.9613854289054871
1.463585434173670,0.9617832899093628
1.470588235294118,0.9621759057044983
1.477591036414566,0.9625633955001831
1.484593837535014,0.9629458189010620
1.491596638655462,0.9633231759071350
1.498599439775910,0.9636955261230469
1.505602240896359,0.9640631079673767
1.512605042016807,0.9644259214401245
1.519607843137255,0.9647839665412903
1.526610644257703,0.9651374816894531
1.533613445378151,0.9654865264892578
1.540616246498600,0.9658310413360596
1.547619047619048,0.9661711454391479
1.554621848739496,0.9665069580078125
1.561624649859944,0.9668385982513428
1.568627450980392,0.9671661853790283
1.575630252100840,0.9674896597862244
1.582633053221289,0.9678090810775757
1.589635854341737,0.9681245088577271
1.596638655462185,0.9684360623359680
1.603641456582633,0.9687438607215881
1.610644257703081,0.9690478444099426
1.617647058823529,0.9693481326103210
1.624649859943978,0.9696448445320129
1.631652661064426,0.9699379205703735
1.638655462184874,0.9702274799346924
1.645658263305322,0.9705136418342590
1.652661064425770,0.9707964658737183
1.659663865546219,0.9710759520530701
1.666666666666667,0.9713521599769592
1.673669467787115,0.9716250896453857
1.680672268907563,0.9718948602676392
1.687675070028011,0.9721615314483643
1.694677871148459,0.9724251031875610
1.701680672268908,0.9726856946945190
1.708683473389356,0.9729432463645935
1.715686274509804,0.9731978178024292
1.722689075630252,0.9734494686126709
1.729691876750700,0.9736983180046082
1.736694677871149,0.9739444255828857
1.743697478991597,0.9741877913475037
1.750700280112045,0.9744284152984619
1.757703081232493,0.9746663570404053
1.764705882352941,0.9749016165733337
1.771708683473390,0.9751343131065369
1.778711484593838,0.9753645062446594
1.785714285714286,0.9755921363830566
1.792717086834734,0.9758173227310181
1.799719887955182,0.9760400056838989
1.806722689075630,0.9762603044509888
1.813725490196078,0.9764782786369324
1.820728291316527,0.9766938686370850
1.827731092436975,0.9769072532653809
1.834733893557423,0.9771183133125305
1.841736694677871,0.9773271679878235
1.848739495798319,0.9775338172912598
1.855742296918768,0.9777383208274841
1.862745098039216,0.9779407382011414
1.869747899159664,0.9781410694122314
1.876750700280112,0.9783393144607544
1.883753501400560,0.9785354733467102
1.890756302521009,0.9787296652793884
1.897759103641457,0.9789218902587891
1.904761904761905,0.9791121482849121
1.911764705882353,0.9793004989624023
1.918767507002801,0.9794870018959045
1.925770308123249,0.9796716570854187
1.932773109243697,0.9798544645309448
1.939775910364146,0.9800354242324829
1.946778711484594,0.9802146553993225
1.953781512605042,0.9803921580314636
1.960784313725490,0.9805679321289062
1.967787114845938,0.9807419180870056
1.974789915966387,0.9809142351150513
1.981792717086835,0.9810849428176880
1.988795518207283,0.9812540411949158
1.995798319327731,0.9814215302467346
2.002801120448179,0.9815874099731445
2.009803921568627,0.9817517995834351
2.016806722689076,0.9819146394729614
2.023809523809524,0.9820759296417236
2.030812324929972,0.9822357296943665
2.037815126050420,0.9823940396308899
2.044817927170869,0.9825509190559387
2.051820728291317,0.9827063679695129
2.058823529411765,0.9828603863716125
2.065826330532213,0.9830130934715271
2.072829131652661,0.9831644296646118
2.079831932773109,0.9833144545555115
2.086834733893558,0.9834631085395813
2.093837535014006,0.9836105108261108
2.100840336134454,0.9837566614151001
2.107843137254902,0.9839014410972595
2.114845938375350,0.9840450286865234
2.121848739495798,0.9841873645782471
2.128851540616246,0.9843285679817200
2.135854341736695,0.9844685196876526
2.142857142857143,0.9846072793006897
2.149859943977591,0.9847449660301208
2.156862745098039,0.9848814010620117
2.163865546218488,0.9850168228149414
2.170868347338936,0.9851510524749756
2.177871148459384,0.9852842688560486
2.184873949579832,0.9854164719581604
2.191876750700280,0.9855474829673767
2.198879551820728,0.9856775999069214
2.205882352941177,0.9858065843582153
2.212885154061625,0.9859346747398376
2.219887955182073,0.9860618114471436
2.226890756302521,0.9861878752708435
2.233893557422969,0.9863131046295166
2.240896358543417,0.9864372611045837
2.247899159663866,0.9865606427192688
2.254901960784314,0.9866830110549927
2.261904761904762,0.9868044853210449
2.268907563025210,0.9869252443313599
2.275910364145658,0.9870450496673584
2.282913165266106,0.9871640205383301
2.289915966386555,0.9872821569442749
2.296918767507003,0.9873994588851929
2.303921568627451,0.9875161051750183
2.310924369747899,0.9876318573951721
2.317927170868348,0.9877469539642334
2.324929971988796,0.9878612160682678
2.331932773109244,0.9879748225212097
2.338935574229692,0.9880877137184143
2.345938375350140,0.9881998300552368
2.352941176470588,0.9883114099502563
2.359943977591036,0.9884222745895386
2.366946778711485,0.9885325431823730
2.373949579831933,0.9886420965194702
2.380952380952381,0.9887510538101196
2.387955182072829,0.9888595938682556
2.394957983193277,0.9889674186706543
2.401960784313725,0.9890747070312500
2.408963585434174,0.9891813397407532
2.415966386554622,0.9892875552177429
2.422969187675070,0.9893932938575745
2.429971988795518,0.9894984364509583
2.436974789915967,0.9896031618118286
2.443977591036415,0.9897073507308960
2.450980392156863,0.9898112416267395
2.457983193277311,0.9899147152900696
2.464985994397759,0.9900177121162415
2.471988795518207,0.9901204109191895
2.478991596638656,0.9902225136756897
2.485994397759104,0.9903245568275452
2.492997198879552,0.9904259443283081
2.500000000000000,0.9905266165733337
2.507002801120448,0.9906259179115295
2.514005602240896,0.9907237887382507
2.521008403361344,0.9908207654953003
2.528011204481793,0.9909165501594543
2.535014005602241,0.9910117387771606
2.542016806722689,0.9911059141159058
2.549019607843138,0.9911991953849792
2.556022408963586,0.9912918210029602
2.563025210084034,0.9913836717605591
2.570028011204482,0.9914749264717102
2.577030812324930,0.9915652871131897
2.584033613445378,0.9916548132896423
2.591036414565826,0.9917439818382263
2.598039215686275,0.9918320178985596
2.605042016806723,0.9919195771217346
2.612044817927171,0.9920067191123962
2.619047619047619,0.9920931458473206
2.626050420168067,0.9921788573265076
2.633053221288515,0.9922637343406677
2.640056022408964,0.9923482537269592
2.647058823529412,0.9924319982528687
2.654061624649860,0.9925153255462646
2.661064425770308,0.9925978183746338
2.668067226890757,0.9926798939704895
2.675070028011205,0.9927614331245422
2.682072829131653,0.9928421974182129
2.689075630252101,0.9929225444793701
2.696078431372549,0.9930021166801453
2.703081232492997,0.9930815696716309
2.710084033613446,0.9931603074073792
2.717086834733894,0.9932382106781006
2.724089635854342,0.9933158755302429
2.731092436974790,0.9933929443359375
2.738095238095238,0.9934695959091187
2.745098039215686,0.9935454726219177
2.752100840336134,0.9936208724975586
2.759103641456583,0.9936962127685547
2.766106442577031,0.9937705993652344
2.773109243697479,0.9938445687294006
2.780112044817927,0.9939178824424744
2.787114845938376,0.9939910769462585
2.794117647058824,0.9940638542175293
2.801120448179272,0.9941357374191284
2.808123249299720,0.9942074418067932
2.815126050420168,0.9942783713340759
2.822128851540616,0.9943491816520691
2.829131652661065,0.9944195747375488
2.836134453781513,0.9944891929626465
2.843137254901961,0.9945588111877441
2.850140056022409,0.9946275949478149
2.857142857142857,0.9946960210800171
2.864145658263305,0.9947640895843506
2.871148459383754,0.9948317408561707
2.878151260504202,0.9948991537094116
2.885154061624650,0.9949658513069153
2.892156862745098,0.9950322508811951
2.899159663865546,0.9950981736183167
2.906162464985995,0.9951638579368591
2.913165266106443,0.9952291846275330
2.920168067226891,0.9952939152717590
2.927170868347339,0.9953584671020508
2.934173669467787,0.9954224824905396
2.941176470588236,0.9954862594604492
2.948179271708684,0.9955495595932007
2.955182072829132,0.9956126213073730
2.962184873949580,0.9956752657890320
2.969187675070028,0.9957374930381775
2.976190476190476,0.9957996010780334
2.983193277310924,0.9958610534667969
2.990196078431373,0.9959224462509155
2.997198879551821,0.9959834814071655
3.004201680672269,0.9960440397262573
3.011204481792717,0.9961044788360596
3.018207282913165,0.9961643815040588
3.025210084033613,0.9962241649627686
3.032212885154062,0.9962835311889648
3.039215686274510,0.9963425397872925
3.046218487394958,0.9964014291763306
3.053221288515406,0.9964597821235657
3.060224089635855,0.9965181350708008
3.067226890756303,0.9965760111808777
3.074229691876751,0.9966336488723755
3.081232492997199,0.9966911077499390
3.088235294117647,0.9967480301856995
3.095238095238095,0.9968049526214600
3.102240896358543,0.9968614578247070
3.109243697478992,0.9969178438186646
3.116246498599440,0.9969738721847534
3.123249299719888,0.9970296025276184
3.130252100840336,0.9970853328704834
3.137254901960784,0.9971405267715454
3.144257703081232,0.9971957206726074
3.151260504201681,0.9972504973411560
3.158263305322129,0.9973050951957703
3.165266106442577,0.9973596930503845
3.172268907563025,0.9974136948585510
3.179271708683474,0.9974678158760071
3.186274509803922,0.9975215196609497
3.193277310924370,0.9975751042366028
3.200280112044818,0.9976286292076111
3.207282913165266,0.9976816773414612
3.214285714285714,0.9977347850799561
3.221288515406163,0.9977875351905823
3.228291316526611,0.9978402256965637
3.235294117647059,0.9978927373886108
3.242296918767507,0.9979449510574341
3.249299719887955,0.9979971647262573
3.256302521008403,0.9980489611625671
3.263305322128851,0.9981008172035217
3.270308123249300,0.9981524348258972
3.277310924369748,0.9982038736343384
3.284313725490196,0.9982553124427795
3.291316526610645,0.9983063936233521
3.298319327731093,0.9983575344085693
3.305322128851541,0.9984083175659180
3.312324929971989,0.9984591603279114
3.319327731092437,0.9985097646713257
3.326330532212885,0.9985603094100952
3.333333333333333,0.9986107945442200
3.340336134453782,0.9986610412597656
3.347338935574230,0.9987112879753113
3.354341736694678,0.9987613558769226
3.361344537815126,0.9988113641738892
3.368347338935574,0.9988614320755005
3.375350140056022,0.9989111423492432
3.382352941176471,0.9989610314369202
3.389355742296919,0.9990106225013733
3.396358543417367,0.9990603327751160
3.403361344537815,0.9991098642349243
3.410364145658264,0.9991593956947327
3.417366946778712,0.9992088675498962
3.424369747899160,0.9992582798004150
3.431372549019608,0.9993077516555786
3.438375350140056,0.9993571043014526
3.445378151260504,0.9994065165519714
3.452380952380953,0.9994558691978455
3.459383753501401,0.9995052218437195
3.466386554621849,0.9995545744895935
3.473389355742297,0.9996039271354675
3.480392156862745,0.9996532797813416
3.487394957983193,0.9997026920318604
3.494397759103641,0.9997521638870239
3.501400560224090,0.9998016953468323
3.508403361344538,0.9998512864112854
3.515406162464986,0.9999009370803833
3.522408963585434,0.9999506473541260
3.529411764705883,1.000000476837158
