0.000000000000000,0.04202761501073837
0.007002801120448180,0.1514772921800613
0.01400560224089636,0.2333207279443741
0.02100840336134454,0.2644576132297516
0.02801120448179272,0.2848247885704041
0.03501400560224090,0.3038111329078674
0.04201680672268908,0.3179585039615631
0.04901960784313725,0.3330305218696594
0.05602240896358544,0.3508788645267487
0.06302521008403361,0.3710570335388184
0.07002801120448179,0.3903168439865112
0.07703081232492998,0.4058841764926910
0.08403361344537816,0.4188678264617920
0.09103641456582634,0.4309509098529816
0.09803921568627451,0.4431330263614655
0.1050420168067227,0.4553565382957458
0.1120448179271709,0.4667672216892242
0.1190476190476191,0.4777551889419556
0.1260504201680672,0.4886996150016785
0.1330532212885154,0.4995681643486023
0.1400560224089636,0.5103554129600525
0.1470588235294118,0.5207750797271729
0.1540616246498600,0.5310861468315125
0.1610644257703081,0.5409734249114990
0.1680672268907563,0.5502352714538574
0.1750700280112045,0.5589826703071594
0.1820728291316527,0.5673590302467346
0.1890756302521008,0.5756301879882812
0.1960784313725490,0.5836085081100464
0.2030812324929972,0.5909963250160217
0.2100840336134454,0.5980188846588135
0.2170868347338936,0.6048101186752319
0.2240896358543417,0.6115972399711609
0.2310924369747899,0.6183193325996399
0.2380952380952381,0.6248181462287903
0.2450980392156863,0.6310930252075195
0.2521008403361344,0.6372207403182983
0.2591036414565827,0.6432221531867981
0.2661064425770308,0.6491282582283020
0.2731092436974790,0.6549666523933411
0.2801120448179272,0.6607422232627869
0.2871148459383754,0.6663695573806763
0.2941176470588235,0.6716949343681335
0.3011204481792717,0.6767609715461731
0.3081232492997199,0.6817017793655396
0.3151260504201681,0.6865760684013367
0.3221288515406163,0.6913903355598450
0.3291316526610644,0.6960175037384033
0.3361344537815126,0.7005093693733215
0.3431372549019608,0.7049502730369568
0.3501400560224090,0.7094562053680420
0.3571428571428572,0.7142677307128906
0.3641456582633054,0.7194921374320984
0.3711484593837535,0.7250291109085083
0.3781512605042017,0.7306184172630310
0.3851540616246499,0.7360851764678955
0.3921568627450980,0.7414264082908630
0.3991596638655462,0.7466587424278259
0.4061624649859944,0.7518224120140076
0.4131652661064426,0.7568829655647278
0.4201680672268908,0.7617627382278442
0.4271708683473390,0.7664935588836670
0.4341736694677871,0.7711169123649597
0.4411764705882353,0.7756667733192444
0.4481792717086835,0.7801201343536377
0.4551820728291316,0.7844180464744568
0.4621848739495799,0.7885863184928894
0.4691876750700280,0.7926443815231323
0.4761904761904762,0.7966017127037048
0.4831932773109244,0.8004657030105591
0.4901960784313726,0.8042298555374146
0.4971988795518207,0.8079220652580261
0.5042016806722689,0.8115265369415283
0.5112044817927172,0.8150100111961365
0.5182072829131653,0.8183950781822205
0.5252100840336135,0.8217055797576904
0.5322128851540616,0.8249684572219849
0.5392156862745098,0.8281623721122742
0.5462184873949580,0.8312450051307678
0.5532212885154062,0.8342347741127014
0.5602240896358543,0.8371531367301941
0.5672268907563025,0.8400166034698486
0.5742296918767508,0.8428205847740173
0.5812324929971989,0.8455442786216736
0.5882352941176471,0.8482031822204590
0.5952380952380952,0.8507982492446899
0.6022408963585434,0.8533230423927307
0.6092436974789917,0.8557890653610229
0.6162464985994398,0.8582032322883606
0.6232492997198880,0.8605813384056091
0.6302521008403361,0.8629103899002075
0.6372549019607844,0.8651656508445740
0.6442577030812325,0.8673574924468994
0.6512605042016807,0.8695049285888672
0.6582633053221288,0.8716257214546204
0.6652661064425771,0.8737103939056396
0.6722689075630253,0.8757320046424866
0.6792717086834734,0.8776975274085999
0.6862745098039216,0.8796175122261047
0.6932773109243697,0.8815007209777832
0.7002801120448180,0.8833498358726501
0.7072829131652661,0.8851572871208191
0.7142857142857143,0.8869321346282959
0.7212885154061625,0.8886697888374329
0.7282913165266107,0.8903615474700928
0.7352941176470589,0.8920159935951233
0.7422969187675070,0.8936413526535034
0.7492997198879552,0.8952502012252808
0.7563025210084033,0.8968324661254883
0.7633053221288516,0.8983668088912964
0.7703081232492998,0.8998597860336304
0.7773109243697479,0.9013248085975647
0.7843137254901961,0.9027732014656067
0.7913165266106443,0.9042001962661743
0.7983193277310925,0.9055897593498230
0.8053221288515406,0.9069471359252930
0.8123249299719888,0.9082769155502319
0.8193277310924371,0.9095801115036011
0.8263305322128852,0.9108606576919556
0.8333333333333334,0.9121175408363342
0.8403361344537815,0.9133580327033997
0.8473389355742297,0.9145769476890564
0.8543417366946779,0.9157618880271912
0.8613445378151261,0.9169187545776367
0.8683473389355743,0.9180569648742676
0.8753501400560224,0.9191866517066956
0.8823529411764707,0.9203007817268372
0.8893557422969188,0.9213829040527344
0.8963585434173670,0.9224374294281006
0.9033613445378151,0.9234728813171387
0.9103641456582633,0.9244950413703918
0.9173669467787116,0.9255031943321228
0.9243697478991597,0.9264890551567078
0.9313725490196079,0.9274568557739258
0.9383753501400560,0.9284073114395142
0.9453781512605043,0.9293369650840759
0.9523809523809524,0.9302492141723633
0.9593837535014006,0.9311472773551941
0.9663865546218487,0.9320383071899414
0.9733893557422969,0.9329168200492859
0.9803921568627452,0.9337707757949829
0.9873949579831933,0.9346039295196533
0.9943977591036415,0.9354246258735657
1.001400560224090,0.9362396001815796
1.008403361344538,0.9370452761650085
1.015406162464986,0.9378296136856079
1.022408963585434,0.9385961890220642
1.029411764705882,0.9393497705459595
1.036414565826331,0.9400920867919922
1.043417366946779,0.9408238530158997
1.050420168067227,0.9415425658226013
1.057422969187675,0.9422525167465210
1.064425770308123,0.9429518580436707
1.071428571428571,0.9436346292495728
1.078431372549020,0.9443038702011108
1.085434173669468,0.9449644088745117
1.092436974789916,0.9456217288970947
1.099439775910364,0.9462714791297913
1.106442577030812,0.9469033479690552
1.113445378151261,0.9475204944610596
1.120448179271709,0.9481287002563477
1.127450980392157,0.9487321376800537
1.134453781512605,0.9493290781974792
1.141456582633053,0.9499128460884094
1.148459383753502,0.9504861235618591
1.155462184873950,0.9510502815246582
1.162464985994398,0.9516047239303589
1.169467787114846,0.9521511793136597
1.176470588235294,0.9526900649070740
1.183473389355742,0.9532250165939331
1.190476190476190,0.9537532329559326
1.197478991596639,0.9542679786682129
1.204481792717087,0.9547722935676575
1.211484593837535,0.9552705883979797
1.218487394957983,0.9557673931121826
1.225490196078431,0.9562595486640930
1.232492997198880,0.9567393660545349
1.239495798319328,0.9572087526321411
1.246498599439776,0.9576712250709534
1.253501400560224,0.9581290483474731
1.260504201680672,0.9585822224617004
1.267507002801121,0.9590272903442383
1.274509803921569,0.9594666957855225
1.281512605042017,0.9599000811576843
1.288515406162465,0.9603248238563538
1.295518207282913,0.9607430100440979
1.302521008403361,0.9611565470695496
1.309523809523810,0.9615688920021057
1.316526610644258,0.9619771838188171
1.323529411764706,0.9623751044273376
1.330532212885154,0.9627646207809448
1.337535014005602,0.9631494879722595
1.344537815126051,0.9635329842567444
1.351540616246499,0.9639135003089905
1.358543417366947,0.9642855525016785
1.365546218487395,0.9646508097648621
1.372549019607843,0.9650108814239502
1.379551820728291,0.9653663635253906
1.386554621848739,0.9657180309295654
1.393557422969188,0.9660649299621582
1.400560224089636,0.9664093852043152
1.407563025210084,0.9667500257492065
1.414565826330532,0.9670831561088562
1.421568627450980,0.9674103856086731
1.428571428571429,0.9677344560623169
1.435574229691877,0.9680584073066711
1.442577030812325,0.9683800935745239
1.449579831932773,0.9686938524246216
1.456582633053221,0.9690010547637939
1.463585434173670,0.9693043828010559
1.470588235294118,0.9696061611175537
1.477591036414566,0.9699058532714844
1.484593837535014,0.9702000021934509
1.491596638655462,0.9704900979995728
1.498599439775910,0.9707764983177185
1.505602240896359,0.9710584878921509
1.512605042016807,0.9713370800018311
1.519607843137255,0.9716126918792725
1.526610644257703,0.9718877077102661
1.533613445378151,0.9721603989601135
1.540616246498600,0.9724267125129700
1.547619047619048,0.9726879000663757
1.554621848739496,0.9729466438293457
1.561624649859944,0.9732054471969604
1.568627450980392,0.9734628796577454
1.575630252100840,0.9737145900726318
1.582633053221289,0.9739614725112915
1.589635854341737,0.9742053151130676
1.596638655462185,0.9744472503662109
1.603641456582633,0.9746873378753662
1.610644257703081,0.9749240279197693
1.617647058823529,0.9751587510108948
1.624649859943978,0.9753909707069397
1.631652661064426,0.9756188392639160
1.638655462184874,0.9758434891700745
1.645658263305322,0.9760663509368896
1.652661064425770,0.9762895107269287
1.659663865546219,0.9765113592147827
1.666666666666667,0.9767279028892517
1.673669467787115,0.9769402146339417
1.680672268907563,0.9771504998207092
1.687675070028011,0.9773606061935425
1.694677871148459,0.9775696396827698
1.701680672268908,0.9777747988700867
1.708683473389356,0.9779767990112305
1.715686274509804,0.9781765341758728
1.722689075630252,0.9783740043640137
1.729691876750700,0.9785696864128113
1.736694677871149,0.9787634015083313
1.743697478991597,0.9789565801620483
1.750700280112045,0.9791481494903564
1.757703081232493,0.9793356657028198
1.764705882352941,0.9795202016830444
1.771708683473390,0.9797034263610840
1.778711484593838,0.9798871874809265
1.785714285714286,0.9800701141357422
1.792717086834734,0.9802489280700684
1.799719887955182,0.9804244041442871
1.806722689075630,0.9805980920791626
1.813725490196078,0.9807711839675903
1.820728291316527,0.9809433817863464
1.827731092436975,0.9811130166053772
1.834733893557423,0.9812808632850647
1.841736694677871,0.9814471602439880
1.848739495798319,0.9816109538078308
1.855742296918768,0.9817729592323303
1.862745098039216,0.9819337725639343
1.869747899159664,0.9820947647094727
1.876750700280112,0.9822548627853394
1.883753501400560,0.9824114441871643
1.890756302521009,0.9825653433799744
1.897759103641457,0.9827181100845337
1.904761904761905,0.9828711748123169
1.911764705882353,0.9830238223075867
1.918767507002801,0.9831734299659729
1.925770308123249,0.9833206534385681
1.932773109243697,0.9834664463996887
1.939775910364146,0.9836111068725586
1.946778711484594,0.9837549328804016
1.953781512605042,0.9838972091674805
1.960784313725490,0.9840388298034668
1.967787114845938,0.9841793775558472
1.974789915966387,0.9843174219131470
1.981792717086835,0.9844536781311035
1.988795518207283,0.9845890998840332
1.995798319327731,0.9847250580787659
2.002801120448179,0.9848605394363403
2.009803921568627,0.9849931597709656
2.016806722689076,0.9851233959197998
2.023809523809524,0.9852525591850281
2.030812324929972,0.9853817820549011
2.037815126050420,0.9855106472969055
2.044817927170869,0.9856374859809875
2.051820728291317,0.9857628345489502
2.058823529411765,0.9858869910240173
2.065826330532213,0.9860098958015442
2.072829131652661,0.9861318469047546
2.079831932773109,0.9862529039382935
2.086834733893558,0.9863739609718323
2.093837535014006,0.9864944219589233
2.100840336134454,0.9866126775741577
2.107843137254902,0.9867290854454041
2.114845938375350,0.9868448972702026
2.121848739495798,0.9869611859321594
2.128851540616246,0.9870772361755371
2.135854341736695,0.9871910810470581
2.142857142857143,0.9873030781745911
2.149859943977591,0.9874142408370972
2.156862745098039,0.9875250458717346
2.163865546218488,0.9876355528831482
2.170868347338936,0.9877447485923767
2.177871148459384,0.9878532886505127
2.184873949579832,0.9879611134529114
2.191876750700280,0.9880673885345459
2.198879551820728,0.9881727099418640
2.205882352941177,0.9882774949073792
2.212885154061625,0.9883826375007629
2.219887955182073,0.9884876012802124
2.226890756302521,0.9885905385017395
2.233893557422969,0.9886919260025024
2.240896358543417,0.9887926578521729
2.247899159663866,0.9888938665390015
2.254901960784314,0.9889948964118958
2.261904761904762,0.9890942573547363
2.268907563025210,0.9891924262046814
2.275910364145658,0.9892898201942444
2.282913165266106,0.9893865585327148
2.289915966386555,0.9894828796386719
2.296918767507003,0.9895784854888916
2.303921568627451,0.9896740913391113
2.310924369747899,0.9897691607475281
2.317927170868348,0.9898627400398254
2.324929971988796,0.9899552464485168
2.331932773109244,0.9900475144386292
2.338935574229692,0.9901403188705444
2.345938375350140,0.9902329444885254
2.352941176470588,0.9903240799903870
2.359943977591036,0.9904139041900635
2.366946778711485,0.9905031919479370
2.373949579831933,0.9905924797058105
2.380952380952381,0.9906817674636841
2.387955182072829,0.9907701611518860
2.394957983193277,0.9908578991889954
2.401960784313725,0.9909451603889465
2.408963585434174,0.9910315275192261
2.415966386554622,0.9911174774169922
2.422969187675070,0.9912031888961792
2.429971988795518,0.9912891983985901
2.436974789915967,0.9913750886917114
2.443977591036415,0.9914595484733582
2.450980392156863,0.9915431737899780
2.457983193277311,0.9916265606880188
2.464985994397759,0.9917104840278625
2.471988795518207,0.9917945265769958
2.478991596638656,0.9918773174285889
2.485994397759104,0.9919593930244446
2.492997198879552,0.9920409321784973
2.500000000000000,0.9921221733093262
2.507002801120448,0.9922028779983521
2.514005602240896,0.9922824501991272
2.521008403361344,0.9923615455627441
2.528011204481793,0.9924399256706238
2.535014005602241,0.9925173521041870
2.542016806722689,0.9925938248634338
2.549019607843138,0.9926698207855225
2.556022408963586,0.9927461147308350
2.563025210084034,0.9928222298622131
2.570028011204482,0.9928970336914062
2.577030812324930,0.9929706454277039
2.584033613445378,0.9930437207221985
2.591036414565826,0.9931171536445618
2.598039215686275,0.9931903481483459
2.605042016806723,0.9932625889778137
2.612044817927171,0.9933341145515442
2.619047619047619,0.9934050440788269
2.626050420168067,0.9934753775596619
2.633053221288515,0.9935452938079834
2.640056022408964,0.9936147928237915
2.647058823529412,0.9936841130256653
2.654061624649860,0.9937532544136047
2.661064425770308,0.9938211441040039
2.668067226890757,0.9938883185386658
2.675070028011205,0.9939552545547485
2.682072829131653,0.9940223693847656
2.689075630252101,0.9940896034240723
2.696078431372549,0.9941556453704834
2.703081232492997,0.9942210912704468
2.710084033613446,0.9942860007286072
2.717086834733894,0.9943507313728333
2.724089635854342,0.9944155216217041
2.731092436974790,0.9944794774055481
2.738095238095238,0.9945430159568787
2.745098039215686,0.9946060180664062
2.752100840336134,0.9946684241294861
2.759103641456583,0.9947307705879211
2.766106442577031,0.9947925209999084
2.773109243697479,0.9948544502258301
2.780112044817927,0.9949160814285278
2.787114845938376,0.9949769377708435
2.794117647058824,0.9950370788574219
2.801120448179272,0.9950968623161316
2.808123249299720,0.9951570034027100
2.815126050420168,0.9952168464660645
2.822128851540616,0.9952759742736816
2.829131652661065,0.9953344464302063
2.836134453781513,0.9953923821449280
2.843137254901961,0.9954502582550049
2.850140056022409,0.9955077171325684
2.857142857142857,0.9955647587776184
2.864145658263305,0.9956216216087341
2.871148459383754,0.9956782460212708
2.878151260504202,0.9957342743873596
2.885154061624650,0.9957895874977112
2.892156862745098,0.9958446025848389
2.899159663865546,0.9958997964859009
2.906162464985995,0.9959551692008972
2.913165266106443,0.9960097670555115
2.920168067226891,0.9960636496543884
2.927170868347339,0.9961173534393311
2.934173669467787,0.9961709976196289
2.941176470588236,0.9962248206138611
2.948179271708684,0.9962780475616455
2.955182072829132,0.9963308572769165
2.962184873949580,0.9963834285736084
2.969187675070028,0.9964356422424316
2.976190476190476,0.9964877963066101
2.983193277310924,0.9965394735336304
2.990196078431373,0.9965913891792297
2.997198879551821,0.9966431856155396
3.004201680672269,0.9966941475868225
3.011204481792717,0.9967447519302368
3.018207282913165,0.9967949986457825
3.025210084033613,0.9968457221984863
3.032212885154062,0.9968962669372559
3.039215686274510,0.9969460368156433
3.046218487394958,0.9969952702522278
3.053221288515406,0.9970441460609436
3.060224089635855,0.9970932006835938
3.067226890756303,0.9971420764923096
3.074229691876751,0.9971905350685120
3.081232492997199,0.9972388148307800
3.088235294117647,0.9972865581512451
3.095238095238095,0.9973339438438416
3.102240896358543,0.9973808526992798
3.109243697478992,0.9974278807640076
3.116246498599440,0.9974752068519592
3.123249299719888,0.9975225329399109
3.130252100840336,0.9975693821907043
3.137254901960784,0.9976155161857605
3.144257703081232,0.9976618289947510
3.151260504201681,0.9977083802223206
3.158263305322129,0.9977550506591797
3.165266106442577,0.9978013634681702
3.172268907563025,0.9978470206260681
3.179271708683474,0.9978925585746765
3.186274509803922,0.9979380965232849
3.193277310924370,0.9979835748672485
3.200280112044818,0.9980289936065674
3.207282913165266,0.9980741739273071
3.214285714285714,0.9981193542480469
3.221288515406163,0.9981638789176941
3.228291316526611,0.9982083439826965
3.235294117647059,0.9982528090476990
3.242296918767507,0.9982974529266357
3.249299719887955,0.9983420372009277
3.256302521008403,0.9983859062194824
3.263305322128851,0.9984294176101685
3.270308123249300,0.9984728097915649
3.277310924369748,0.9985163807868958
3.284313725490196,0.9985598921775818
3.291316526610645,0.9986030459403992
3.298319327731093,0.9986458420753479
3.305322128851541,0.9986882805824280
3.312324929971989,0.9987308979034424
3.319327731092437,0.9987730979919434
3.326330532212885,0.9988152980804443
3.333333333333333,0.9988573789596558
3.340336134453782,0.9988994598388672
3.347338935574230,0.9989412426948547
3.354341736694678,0.9989827871322632
3.361344537815126,0.9990240931510925
3.368347338935574,0.9990656971931458
3.375350140056022,0.9991073608398438
3.382352941176471,0.9991488456726074
3.389355742296919,0.9991896748542786
3.396358543417367,0.9992303848266602
3.403361344537815,0.9992712736129761
3.410364145658264,0.9993122816085815
3.417366946778712,0.9993530511856079
3.424369747899160,0.9993936419487000
3.431372549019608,0.9994340538978577
3.438375350140056,0.9994743466377258
3.445378151260504,0.9995149374008179
3.452380952380953,0.9995553493499756
3.459383753501401,0.9995958805084229
3.466386554621849,0.9996369481086731
3.473389355742297,0.9996777176856995
3.480392156862745,0.9997181296348572
3.487394957983193,0.9997585415840149
3.494397759103641,0.9997988939285278
3.501400560224090,0.9998396635055542
3.508403361344538,0.9998806118965149
3.515406162464986,0.9999211430549622
3.522408963585434,0.9999610781669617
3.529411764705883,1.000001192092896
