0.000000000000000,0.007588322740048170
0.007002801120448180,0.02364521101117134
0.01400560224089636,0.03336583450436592
0.02100840336134454,0.04220827668905258
0.02801120448179272,0.05359214171767235
0.03501400560224090,0.06696544587612152
0.04201680672268908,0.08065075427293777
0.04901960784313725,0.09375993907451630
0.05602240896358544,0.1069256961345673
0.06302521008403361,0.1203137785196304
0.07002801120448179,0.1339821070432663
0.07703081232492998,0.1479117572307587
0.08403361344537816,0.1619442105293274
0.09103641456582634,0.1759325861930847
0.09803921568627451,0.1897036880254745
0.1050420168067227,0.2033458352088928
0.1120448179271709,0.2167326062917709
0.1190476190476191,0.2299090772867203
0.1260504201680672,0.2428923845291138
0.1330532212885154,0.2558158040046692
0.1400560224089636,0.2686717808246613
0.1470588235294118,0.2814098894596100
0.1540616246498600,0.2940466403961182
0.1610644257703081,0.3065361380577087
0.1680672268907563,0.3188951611518860
0.1750700280112045,0.3310700953006744
0.1820728291316527,0.3431196510791779
0.1890756302521008,0.3550780415534973
0.1960784313725490,0.3669846653938293
0.2030812324929972,0.3790261447429657
0.2100840336134454,0.3912891149520874
0.2170868347338936,0.4036088585853577
0.2240896358543417,0.4158289730548859
0.2310924369747899,0.4279160201549530
0.2380952380952381,0.4398252069950104
0.2450980392156863,0.4515354633331299
0.2521008403361344,0.4630512595176697
0.2591036414565827,0.4743599295616150
0.2661064425770308,0.4854559004306793
0.2731092436974790,0.4963331818580627
0.2801120448179272,0.5069917440414429
0.2871148459383754,0.5174303054809570
0.2941176470588235,0.5276514887809753
0.3011204481792717,0.5376548171043396
0.3081232492997199,0.5474420189857483
0.3151260504201681,0.5570131540298462
0.3221288515406163,0.5663726329803467
0.3291316526610644,0.5755202770233154
0.3361344537815126,0.5844520330429077
0.3431372549019608,0.5931683182716370
0.3501400560224090,0.6016796827316284
0.3571428571428572,0.6099921464920044
0.3641456582633054,0.6180995106697083
0.3711484593837535,0.6260153651237488
0.3781512605042017,0.6337541937828064
0.3851540616246499,0.6413089036941528
0.3921568627450980,0.6486850380897522
0.3991596638655462,0.6558851599693298
0.4061624649859944,0.6629192829132080
0.4131652661064426,0.6697885394096375
0.4201680672268908,0.6764892935752869
0.4271708683473390,0.6830365061759949
0.4341736694677871,0.6894315481185913
0.4411764705882353,0.6956802606582642
0.4481792717086835,0.7017794847488403
0.4551820728291316,0.7077268958091736
0.4621848739495799,0.7135309576988220
0.4691876750700280,0.7191956043243408
0.4761904761904762,0.7247285246849060
0.4831932773109244,0.7301298975944519
0.4901960784313726,0.7354009747505188
0.4971988795518207,0.7405518293380737
0.5042016806722689,0.7455790042877197
0.5112044817927172,0.7504818439483643
0.5182072829131653,0.7552701830863953
0.5252100840336135,0.7599461674690247
0.5322128851540616,0.7645109891891479
0.5392156862745098,0.7689636945724487
0.5462184873949580,0.7733103632926941
0.5532212885154062,0.7775586247444153
0.5602240896358543,0.7817068696022034
0.5672268907563025,0.7857549190521240
0.5742296918767508,0.7897054553031921
0.5812324929971989,0.7935636043548584
0.5882352941176471,0.7973343729972839
0.5952380952380952,0.8010162115097046
0.6022408963585434,0.8046102523803711
0.6092436974789917,0.8081208467483521
0.6162464985994398,0.8115516901016235
0.6232492997198880,0.8149038553237915
0.6302521008403361,0.8181767463684082
0.6372549019607844,0.8213748931884766
0.6442577030812325,0.8245005011558533
0.6512605042016807,0.8275547623634338
0.6582633053221288,0.8305400609970093
0.6652661064425771,0.8334583640098572
0.6722689075630253,0.8363122344017029
0.6792717086834734,0.8391016721725464
0.6862745098039216,0.8418248295783997
0.6932773109243697,0.8444861769676208
0.7002801120448180,0.8470895886421204
0.7072829131652661,0.8496367931365967
0.7142857142857143,0.8521285653114319
0.7212885154061625,0.8545632362365723
0.7282913165266107,0.8569448590278625
0.7352941176470589,0.8592757582664490
0.7422969187675070,0.8615567684173584
0.7492997198879552,0.8637888431549072
0.7563025210084033,0.8659716844558716
0.7633053221288516,0.8681074380874634
0.7703081232492998,0.8701971769332886
0.7773109243697479,0.8722424507141113
0.7843137254901961,0.8742453455924988
0.7913165266106443,0.8762065768241882
0.7983193277310925,0.8781269192695618
0.8053221288515406,0.8800064325332642
0.8123249299719888,0.8818459510803223
0.8193277310924371,0.8836479783058167
0.8263305322128852,0.8854137659072876
0.8333333333333334,0.8871439099311829
0.8403361344537815,0.8888387084007263
0.8473389355742297,0.8904980421066284
0.8543417366946779,0.8921232223510742
0.8613445378151261,0.8937151432037354
0.8683473389355743,0.8952752947807312
0.8753501400560224,0.8968052864074707
0.8823529411764707,0.8983050584793091
0.8893557422969188,0.8997750282287598
0.8963585434173670,0.9012158513069153
0.9033613445378151,0.9026284217834473
0.9103641456582633,0.9040138721466064
0.9173669467787116,0.9053730368614197
0.9243697478991597,0.9067060351371765
0.9313725490196079,0.9080129861831665
0.9383753501400560,0.9092948436737061
0.9453781512605043,0.9105527997016907
0.9523809523809524,0.9117865562438965
0.9593837535014006,0.9129970073699951
0.9663865546218487,0.9141855239868164
0.9733893557422969,0.9153519272804260
0.9803921568627452,0.9164961576461792
0.9873949579831933,0.9176189899444580
0.9943977591036415,0.9187217354774475
1.001400560224090,0.9198049306869507
1.008403361344538,0.9208683967590332
1.015406162464986,0.9219121932983398
1.022408963585434,0.9229367375373840
1.029411764705882,0.9239431023597717
1.036414565826331,0.9249316453933716
1.043417366946779,0.9259023666381836
1.050420168067227,0.9268560409545898
1.057422969187675,0.9277930259704590
1.064425770308123,0.9287140369415283
1.071428571428571,0.9296191930770874
1.078431372549020,0.9305083751678467
1.085434173669468,0.9313826560974121
1.092436974789916,0.9322421550750732
1.099439775910364,0.9330865740776062
1.106442577030812,0.9339163303375244
1.113445378151261,0.9347323179244995
1.120448179271709,0.9355351328849792
1.127450980392157,0.9363244175910950
1.134453781512605,0.9371004700660706
1.141456582633053,0.9378637075424194
1.148459383753502,0.9386142492294312
1.155462184873950,0.9393525123596191
1.162464985994398,0.9400787949562073
1.169467787114846,0.9407933950424194
1.176470588235294,0.9414966106414795
1.183473389355742,0.9421883821487427
1.190476190476190,0.9428689479827881
1.197478991596639,0.9435384869575500
1.204481792717087,0.9441976547241211
1.211484593837535,0.9448468089103699
1.218487394957983,0.9454856514930725
1.225490196078431,0.9461144804954529
1.232492997198880,0.9467336535453796
1.239495798319328,0.9473433494567871
1.246498599439776,0.9479436278343201
1.253501400560224,0.9485345482826233
1.260504201680672,0.9491165280342102
1.267507002801121,0.9496897459030151
1.274509803921569,0.9502542018890381
1.281512605042017,0.9508102536201477
1.288515406162465,0.9513581395149231
1.295518207282913,0.9518979191780090
1.302521008403361,0.9524297714233398
1.309523809523810,0.9529537558555603
1.316526610644258,0.9534700512886047
1.323529411764706,0.9539787173271179
1.330532212885154,0.9544802308082581
1.337535014005602,0.9549745321273804
1.344537815126051,0.9554616212844849
1.351540616246499,0.9559417366981506
1.358543417366947,0.9564150571823120
1.365546218487395,0.9568816423416138
1.372549019607843,0.9573415517807007
1.379551820728291,0.9577949047088623
1.386554621848739,0.9582420587539673
1.393557422969188,0.9586829543113708
1.400560224089636,0.9591177105903625
1.407563025210084,0.9595466852188110
1.414565826330532,0.9599697589874268
1.421568627450980,0.9603869915008545
1.428571428571429,0.9607985019683838
1.435574229691877,0.9612045884132385
1.442577030812325,0.9616052508354187
1.449579831932773,0.9620004892349243
1.456582633053221,0.9623905420303345
1.463585434173670,0.9627752900123596
1.470588235294118,0.9631549119949341
1.477591036414566,0.9635296463966370
1.484593837535014,0.9638994932174683
1.491596638655462,0.9642645120620728
1.498599439775910,0.9646247029304504
1.505602240896359,0.9649803638458252
1.512605042016807,0.9653314948081970
1.519607843137255,0.9656780362129211
1.526610644257703,0.9660202264785767
1.533613445378151,0.9663581252098083
1.540616246498600,0.9666916728019714
1.547619047619048,0.9670209288597107
1.554621848739496,0.9673460721969604
1.561624649859944,0.9676672220230103
1.568627450980392,0.9679844975471497
1.575630252100840,0.9682978391647339
1.582633053221289,0.9686073064804077
1.589635854341737,0.9689129590988159
1.596638655462185,0.9692148566246033
1.603641456582633,0.9695131182670593
1.610644257703081,0.9698078036308289
1.617647058823529,0.9700988531112671
1.624649859943978,0.9703864455223083
1.631652661064426,0.9706705808639526
1.638655462184874,0.9709513783454895
1.645658263305322,0.9712288379669189
1.652661064425770,0.9715031385421753
1.659663865546219,0.9717742800712585
1.666666666666667,0.9720421433448792
1.673669467787115,0.9723069071769714
1.680672268907563,0.9725686907768250
1.687675070028011,0.9728274345397949
1.694677871148459,0.9730832576751709
1.701680672268908,0.9733361601829529
1.708683473389356,0.9735862016677856
1.715686274509804,0.9738333225250244
1.722689075630252,0.9740776419639587
1.729691876750700,0.9743192791938782
1.736694677871149,0.9745582342147827
1.743697478991597,0.9747945666313171
1.750700280112045,0.9750282764434814
1.757703081232493,0.9752594232559204
1.764705882352941,0.9754880070686340
1.771708683473390,0.9757141470909119
1.778711484593838,0.9759378433227539
1.785714285714286,0.9761590957641602
1.792717086834734,0.9763779640197754
1.799719887955182,0.9765944480895996
1.806722689075630,0.9768086671829224
1.813725490196078,0.9770205616950989
1.820728291316527,0.9772302508354187
1.827731092436975,0.9774377942085266
1.834733893557423,0.9776430726051331
1.841736694677871,0.9778462052345276
1.848739495798319,0.9780472517013550
1.855742296918768,0.9782462716102600
1.862745098039216,0.9784432649612427
1.869747899159664,0.9786381721496582
1.876750700280112,0.9788311123847961
1.883753501400560,0.9790220260620117
1.890756302521009,0.9792110323905945
1.897759103641457,0.9793981909751892
1.904761904761905,0.9795834422111511
1.911764705882353,0.9797669053077698
1.918767507002801,0.9799485206604004
1.925770308123249,0.9801283478736877
1.932773109243697,0.9803064465522766
1.939775910364146,0.9804827570915222
1.946778711484594,0.9806573987007141
1.953781512605042,0.9808303117752075
1.960784313725490,0.9810015559196472
1.967787114845938,0.9811711311340332
1.974789915966387,0.9813390970230103
1.981792717086835,0.9815055131912231
1.988795518207283,0.9816703200340271
1.995798319327731,0.9818336367607117
2.002801120448179,0.9819954037666321
2.009803921568627,0.9821556806564331
2.016806722689076,0.9823144674301147
2.023809523809524,0.9824717640876770
2.030812324929972,0.9826276302337646
2.037815126050420,0.9827820658683777
2.044817927170869,0.9829351305961609
2.051820728291317,0.9830867648124695
2.058823529411765,0.9832370281219482
2.065826330532213,0.9833860397338867
2.072829131652661,0.9835336804389954
2.079831932773109,0.9836800694465637
2.086834733893558,0.9838251471519470
2.093837535014006,0.9839689731597900
2.100840336134454,0.9841116070747375
2.107843137254902,0.9842529296875000
2.114845938375350,0.9843931198120117
2.121848739495798,0.9845320582389832
2.128851540616246,0.9846699237823486
2.135854341736695,0.9848065376281738
2.142857142857143,0.9849420189857483
2.149859943977591,0.9850764870643616
2.156862745098039,0.9852097630500793
2.163865546218488,0.9853420257568359
2.170868347338936,0.9854730963706970
2.177871148459384,0.9856032133102417
2.184873949579832,0.9857323765754700
2.191876750700280,0.9858603477478027
2.198879551820728,0.9859874248504639
2.205882352941177,0.9861134290695190
2.212885154061625,0.9862385392189026
2.219887955182073,0.9863628149032593
2.226890756302521,0.9864860177040100
2.233893557422969,0.9866083860397339
2.240896358543417,0.9867297410964966
2.247899159663866,0.9868503808975220
2.254901960784314,0.9869699478149414
2.261904761904762,0.9870886802673340
2.268907563025210,0.9872067570686340
2.275910364145658,0.9873238205909729
2.282913165266106,0.9874401092529297
2.289915966386555,0.9875556230545044
2.296918767507003,0.9876703619956970
2.303921568627451,0.9877844452857971
2.310924369747899,0.9878975749015808
2.317927170868348,0.9880101084709167
2.324929971988796,0.9881218671798706
2.331932773109244,0.9882329702377319
2.338935574229692,0.9883434176445007
2.345938375350140,0.9884530305862427
2.352941176470588,0.9885621666908264
2.359943977591036,0.9886705875396729
2.366946778711485,0.9887784719467163
2.373949579831933,0.9888855814933777
2.380952380952381,0.9889920949935913
2.387955182072829,0.9890982508659363
2.394957983193277,0.9892036914825439
2.401960784313725,0.9893085956573486
2.408963585434174,0.9894128441810608
2.415966386554622,0.9895167350769043
2.422969187675070,0.9896201491355896
2.429971988795518,0.9897229671478271
2.436974789915967,0.9898254275321960
2.443977591036415,0.9899272918701172
2.450980392156863,0.9900289177894592
2.457983193277311,0.9901300668716431
2.464985994397759,0.9902307391166687
2.471988795518207,0.9903311729431152
2.478991596638656,0.9904310107231140
2.485994397759104,0.9905307888984680
2.492997198879552,0.9906299114227295
2.500000000000000,0.9907283186912537
2.507002801120448,0.9908252954483032
2.514005602240896,0.9909207820892334
2.521008403361344,0.9910153150558472
2.528011204481793,0.9911086559295654
2.535014005602241,0.9912014007568359
2.542016806722689,0.9912931323051453
2.549019607843138,0.9913839697837830
2.556022408963586,0.9914741516113281
2.563025210084034,0.9915636181831360
2.570028011204482,0.9916524887084961
2.577030812324930,0.9917404651641846
2.584033613445378,0.9918276071548462
2.591036414565826,0.9919144511222839
2.598039215686275,0.9920001626014709
2.605042016806723,0.9920853972434998
2.612044817927171,0.9921702146530151
2.619047619047619,0.9922543168067932
2.626050420168067,0.9923377037048340
2.633053221288515,0.9924203157424927
2.640056022408964,0.9925025105476379
2.647058823529412,0.9925840497016907
2.654061624649860,0.9926651120185852
2.661064425770308,0.9927453994750977
2.668067226890757,0.9928252696990967
2.675070028011205,0.9929046034812927
2.682072829131653,0.9929832220077515
2.689075630252101,0.9930614233016968
2.696078431372549,0.9931389093399048
2.703081232492997,0.9932162165641785
2.710084033613446,0.9932928085327148
2.717086834733894,0.9933686256408691
2.724089635854342,0.9934442043304443
2.731092436974790,0.9935192465782166
2.738095238095238,0.9935938119888306
2.745098039215686,0.9936676621437073
2.752100840336134,0.9937410354614258
2.759103641456583,0.9938144087791443
2.766106442577031,0.9938868880271912
2.773109243697479,0.9939589500427246
2.780112044817927,0.9940303564071655
2.787114845938376,0.9941016435623169
2.794117647058824,0.9941725134849548
2.801120448179272,0.9942425489425659
2.808123249299720,0.9943124055862427
2.815126050420168,0.9943816065788269
2.822128851540616,0.9944506287574768
2.829131652661065,0.9945192933082581
2.836134453781513,0.9945872426033020
2.843137254901961,0.9946551322937012
2.850140056022409,0.9947223067283630
2.857142857142857,0.9947891235351562
2.864145658263305,0.9948555827140808
2.871148459383754,0.9949216842651367
2.878151260504202,0.9949875473976135
2.885154061624650,0.9950527548789978
2.892156862745098,0.9951176643371582
2.899159663865546,0.9951821565628052
2.906162464985995,0.9952464103698730
2.913165266106443,0.9953103065490723
2.920168067226891,0.9953736662864685
2.927170868347339,0.9954367876052856
2.934173669467787,0.9954994320869446
2.941176470588236,0.9955618977546692
2.948179271708684,0.9956238865852356
2.955182072829132,0.9956856369972229
2.962184873949580,0.9957470297813416
2.969187675070028,0.9958080053329468
2.976190476190476,0.9958688616752625
2.983193277310924,0.9959290623664856
2.990196078431373,0.9959892034530640
2.997198879551821,0.9960490465164185
3.004201680672269,0.9961084127426147
3.011204481792717,0.9961676597595215
3.018207282913165,0.9962263703346252
3.025210084033613,0.9962850213050842
3.032212885154062,0.9963432550430298
3.039215686274510,0.9964011311531067
3.046218487394958,0.9964588880538940
3.053221288515406,0.9965161085128784
3.060224089635855,0.9965733885765076
3.067226890756303,0.9966301918029785
3.074229691876751,0.9966868162155151
3.081232492997199,0.9967432618141174
3.088235294117647,0.9967992305755615
3.095238095238095,0.9968551397323608
3.102240896358543,0.9969106316566467
3.109243697478992,0.9969660639762878
3.116246498599440,0.9970211982727051
3.123249299719888,0.9970759749412537
3.130252100840336,0.9971307516098022
3.137254901960784,0.9971849918365479
3.144257703081232,0.9972392916679382
3.151260504201681,0.9972931742668152
3.158263305322129,0.9973468184471130
3.165266106442577,0.9974005222320557
3.172268907563025,0.9974536299705505
3.179271708683474,0.9975068569183350
3.186274509803922,0.9975596666336060
3.193277310924370,0.9976123571395874
3.200280112044818,0.9976650476455688
3.207282913165266,0.9977172613143921
3.214285714285714,0.9977695345878601
3.221288515406163,0.9978214502334595
3.228291316526611,0.9978733062744141
3.235294117647059,0.9979249835014343
3.242296918767507,0.9979764223098755
3.249299719887955,0.9980278611183167
3.256302521008403,0.9980789422988892
3.263305322128851,0.9981300234794617
3.270308123249300,0.9981809258460999
3.277310924369748,0.9982317090034485
3.284313725490196,0.9982824921607971
3.291316526610645,0.9983328580856323
3.298319327731093,0.9983832836151123
3.305322128851541,0.9984334111213684
3.312324929971989,0.9984835386276245
3.319327731092437,0.9985334277153015
3.326330532212885,0.9985832571983337
3.333333333333333,0.9986329674720764
3.340336134453782,0.9986824989318848
3.347338935574230,0.9987319707870483
3.354341736694678,0.9987812638282776
3.361344537815126,0.9988304972648621
3.368347338935574,0.9988797307014465
3.375350140056022,0.9989286661148071
3.382352941176471,0.9989777207374573
3.389355742296919,0.9990265369415283
3.396358543417367,0.9990754723548889
3.403361344537815,0.9991242289543152
3.410364145658264,0.9991729855537415
3.417366946778712,0.9992216825485229
3.424369747899160,0.9992703199386597
3.431372549019608,0.9993189573287964
3.438375350140056,0.9993674755096436
3.445378151260504,0.9994161128997803
3.452380952380953,0.9994646906852722
3.459383753501401,0.9995132684707642
3.466386554621849,0.9995618462562561
3.473389355742297,0.9996104240417480
3.480392156862745,0.9996590018272400
3.487394957983193,0.9997076392173767
3.494397759103641,0.9997562766075134
3.501400560224090,0.9998049736022949
3.508403361344538,0.9998537302017212
3.515406162464986,0.9999025464057922
3.522408963585434,0.9999514222145081
3.529411764705883,1.000000476837158
