480 12.6558
480.125 12.6558
480.25 12.6915
480.375 12.7273
480.5 12.763
480.625 12.7988
480.75 12.8345
480.875 12.8703
481 12.906
481.125 12.9431
481.25 12.9803
481.375 13.0174
481.5 13.0545
481.625 13.0916
481.75 13.1287
481.875 13.1659
482 13.203
482.125 13.2394
482.25 13.2757
482.375 13.3121
482.5 13.3485
482.625 13.3849
482.75 13.4213
482.875 13.4576
483 13.494
483.125 13.528
483.25 13.562
483.375 13.596
483.5 13.63
483.625 13.664
483.75 13.698
483.875 13.732
484 13.766
484.125 13.7965
484.25 13.827
484.375 13.8575
484.5 13.888
484.625 13.9185
484.75 13.949
484.875 13.9795
485 14.01
485.125 14.0365
485.25 14.063
485.375 14.0895
485.5 14.116
485.625 14.1425
485.75 14.169
485.875 14.1955
486 14.222
486.125 14.2448
486.25 14.2675
486.375 14.2902
486.5 14.313
486.625 14.3357
486.75 14.3585
486.875 14.3812
487 14.404
487.125 14.4235
487.25 14.443
487.375 14.4625
487.5 14.482
487.625 14.5015
487.75 14.521
487.875 14.5405
488 14.56
488.125 14.5771
488.25 14.5943
488.375 14.6114
488.5 14.6285
488.625 14.6456
488.75 14.6627
488.875 14.6799
489 14.697
489.125 14.7124
489.25 14.7277
489.375 14.7431
489.5 14.7585
489.625 14.7739
489.75 14.7893
489.875 14.8046
490 14.82
490.125 14.8348
490.25 14.8495
490.375 14.8643
490.5 14.879
490.625 14.8938
490.75 14.9085
490.875 14.9233
491 14.938
491.125 14.9528
491.25 14.9675
491.375 14.9823
491.5 14.997
491.625 15.0118
491.75 15.0265
491.875 15.0413
492 15.056
492.125 15.0703
492.25 15.0845
492.375 15.0988
492.5 15.113
492.625 15.1273
492.75 15.1415
492.875 15.1558
493 15.17
493.125 15.1819
493.25 15.1938
493.375 15.2056
493.5 15.2175
493.625 15.2294
493.75 15.2413
493.875 15.2531
494 15.265
494.125 15.2731
494.25 15.2813
494.375 15.2894
494.5 15.2975
494.625 15.3056
494.75 15.3138
494.875 15.3219
495 15.33
495.125 15.3351
495.25 15.3402
495.375 15.3454
495.5 15.3505
495.625 15.3556
495.75 15.3607
495.875 15.3659
496 15.371
496.125 15.3755
496.25 15.38
496.375 15.3845
496.5 15.389
496.625 15.3935
496.75 15.398
496.875 15.4025
497 15.407
497.125 15.4136
497.25 15.4203
497.375 15.4269
497.5 15.4335
497.625 15.4401
497.75 15.4468
497.875 15.4534
498 15.46
498.125 15.4682
498.25 15.4763
498.375 15.4844
498.5 15.4925
498.625 15.5006
498.75 15.5088
498.875 15.5169
499 15.525
499.125 15.5334
499.25 15.5418
499.375 15.5501
499.5 15.5585
499.625 15.5669
499.75 15.5753
499.875 15.5836
500 15.592
500.125 15.5995
500.25 15.607
500.375 15.6145
500.5 15.622
500.625 15.6295
500.75 15.637
500.875 15.6445
501 15.652
501.125 15.6587
501.25 15.6655
501.375 15.6722
501.5 15.679
501.625 15.6857
501.75 15.6925
501.875 15.6993
502 15.706
502.125 15.7119
502.25 15.7177
502.375 15.7236
502.5 15.7295
502.625 15.7354
502.75 15.7412
502.875 15.7471
503 15.753
503.125 15.7582
503.25 15.7635
503.375 15.7687
503.5 15.774
503.625 15.7793
503.75 15.7845
503.875 15.7898
504 15.795
504.125 15.7998
504.25 15.8045
504.375 15.8093
504.5 15.814
504.625 15.8187
504.75 15.8235
504.875 15.8282
505 15.833
505.125 15.8375
505.25 15.842
505.375 15.8465
505.5 15.851
505.625 15.8555
505.75 15.86
505.875 15.8645
506 15.869
506.125 15.8734
506.25 15.8778
506.375 15.8821
506.5 15.8865
506.625 15.8909
506.75 15.8953
506.875 15.8996
507 15.904
507.125 15.9084
507.25 15.9128
507.375 15.9171
507.5 15.9215
507.625 15.9259
507.75 15.9303
507.875 15.9346
508 15.939
508.125 15.9432
508.25 15.9473
508.375 15.9514
508.5 15.9555
508.625 15.9597
508.75 15.9638
508.875 15.9679
509 15.972
509.125 15.9754
509.25 15.9788
509.375 15.9821
509.5 15.9855
509.625 15.9889
509.75 15.9923
509.875 15.9956
510 15.999
510.125 16.0015
510.25 16.004
510.375 16.0065
510.5 16.009
510.625 16.0115
510.75 16.014
510.875 16.0165
511 16.019
511.125 16.0208
511.25 16.0225
511.375 16.0243
511.5 16.026
511.625 16.0278
511.75 16.0295
511.875 16.0313
512 16.033
512.125 16.0343
512.25 16.0355
512.375 16.0368
512.5 16.038
512.625 16.0393
512.75 16.0405
512.875 16.0417
513 16.043
513.125 16.0446
513.25 16.0462
513.375 16.0479
513.5 16.0495
513.625 16.0511
513.75 16.0527
513.875 16.0543
514 16.056
514.125 16.0581
514.25 16.0602
514.375 16.0623
514.5 16.0645
514.625 16.0666
514.75 16.0687
514.875 16.0708
515 16.073
515.125 16.0757
515.25 16.0785
515.375 16.0812
515.5 16.084
515.625 16.0867
515.75 16.0895
515.875 16.0922
516 16.095
516.125 16.0981
516.25 16.1012
516.375 16.1044
516.5 16.1075
516.625 16.1106
516.75 16.1137
516.875 16.1169
517 16.12
517.125 16.123
517.25 16.126
517.375 16.129
517.5 16.132
517.625 16.135
517.75 16.138
517.875 16.141
518 16.144
518.125 16.1469
518.25 16.1498
518.375 16.1526
518.5 16.1555
518.625 16.1584
518.75 16.1613
518.875 16.1641
519 16.167
519.125 16.1698
519.25 16.1725
519.375 16.1753
519.5 16.178
519.625 16.1808
519.75 16.1835
519.875 16.1863
520 16.189
520.125 16.1918
520.25 16.1945
520.375 16.1973
520.5 16.2
520.625 16.2028
520.75 16.2055
520.875 16.2083
521 16.211
521.125 16.2134
521.25 16.2158
521.375 16.2181
521.5 16.2205
521.625 16.2229
521.75 16.2252
521.875 16.2276
522 16.23
522.125 16.2319
522.25 16.2337
522.375 16.2356
522.5 16.2375
522.625 16.2394
522.75 16.2412
522.875 16.2431
523 16.245
523.125 16.2464
523.25 16.2477
523.375 16.2491
523.5 16.2505
523.625 16.2519
523.75 16.2532
523.875 16.2546
524 16.256
524.125 16.2566
524.25 16.2572
524.375 16.2579
524.5 16.2585
524.625 16.2591
524.75 16.2597
524.875 16.2604
525 16.261
525.125 16.2606
525.25 16.2602
525.375 16.2599
525.5 16.2595
525.625 16.2591
525.75 16.2587
525.875 16.2583
526 16.258
526.125 16.2562
526.25 16.2545
526.375 16.2527
526.5 16.251
526.625 16.2492
526.75 16.2475
526.875 16.2457
527 16.244
527.125 16.2412
527.25 16.2385
527.375 16.2357
527.5 16.233
527.625 16.2302
527.75 16.2275
527.875 16.2248
528 16.222
528.125 16.2184
528.25 16.2148
528.375 16.2111
528.5 16.2075
528.625 16.2039
528.75 16.2003
528.875 16.1966
529 16.193
529.125 16.1893
529.25 16.1855
529.375 16.1818
529.5 16.178
529.625 16.1742
529.75 16.1705
529.875 16.1667
530 16.163
530.125 16.1597
530.25 16.1565
530.375 16.1532
530.5 16.15
530.625 16.1468
530.75 16.1435
530.875 16.1403
531 16.137
531.125 16.1346
531.25 16.1323
531.375 16.1299
531.5 16.1275
531.625 16.1251
531.75 16.1227
531.875 16.1204
532 16.118
532.125 16.1166
532.25 16.1152
532.375 16.1139
532.5 16.1125
532.625 16.1111
532.75 16.1098
532.875 16.1084
533 16.107
533.125 16.1063
533.25 16.1055
533.375 16.1048
533.5 16.104
533.625 16.1033
533.75 16.1025
533.875 16.1018
534 16.101
534.125 16.1006
534.25 16.1003
534.375 16.0999
534.5 16.0995
534.625 16.0991
534.75 16.0988
534.875 16.0984
535 16.098
535.125 16.0979
535.25 16.0978
535.375 16.0976
535.5 16.0975
535.625 16.0974
535.75 16.0973
535.875 16.0971
536 16.097
536.125 16.097
536.25 16.097
536.375 16.097
536.5 16.097
536.625 16.097
536.75 16.097
536.875 16.097
537 16.097
537.125 16.097
537.25 16.097
537.375 16.097
537.5 16.097
537.625 16.097
537.75 16.097
537.875 16.097
538 16.097
538.125 16.0972
538.25 16.0975
538.375 16.0977
538.5 16.098
538.625 16.0982
538.75 16.0985
538.875 16.0987
539 16.099
539.125 16.0996
539.25 16.1002
539.375 16.1009
539.5 16.1015
539.625 16.1021
539.75 16.1027
539.875 16.1034
540 16.104
540.125 16.1049
540.25 16.1058
540.375 16.1066
540.5 16.1075
540.625 16.1084
540.75 16.1093
540.875 16.1101
541 16.111
541.125 16.112
541.25 16.113
541.375 16.114
541.5 16.115
541.625 16.116
541.75 16.117
541.875 16.118
542 16.119
542.125 16.1199
542.25 16.1208
542.375 16.1217
542.5 16.1225
542.625 16.1234
542.75 16.1243
542.875 16.1252
543 16.126
543.125 16.1264
543.25 16.1268
543.375 16.1272
543.5 16.1275
543.625 16.1279
543.75 16.1283
543.875 16.1287
544 16.129
544.125 16.1288
544.25 16.1285
544.375 16.1283
544.5 16.128
544.625 16.1278
544.75 16.1275
544.875 16.1273
545 16.127
545.125 16.1261
545.25 16.1253
545.375 16.1244
545.5 16.1235
545.625 16.1226
545.75 16.1218
545.875 16.1209
546 16.12
546.125 16.1185
546.25 16.117
546.375 16.1155
546.5 16.114
546.625 16.1125
546.75 16.111
546.875 16.1095
547 16.108
547.125 16.1063
547.25 16.1045
547.375 16.1028
547.5 16.101
547.625 16.0993
547.75 16.0975
547.875 16.0958
548 16.094
548.125 16.0921
548.25 16.0902
548.375 16.0884
548.5 16.0865
548.625 16.0846
548.75 16.0827
548.875 16.0809
549 16.079
549.125 16.0771
549.25 16.0753
549.375 16.0734
549.5 16.0715
549.625 16.0696
549.75 16.0678
549.875 16.0659
550 16.064
550.125 16.0623
550.25 16.0605
550.375 16.0588
550.5 16.057
550.625 16.0553
550.75 16.0535
550.875 16.0518
551 16.05
551.125 16.0481
551.25 16.0463
551.375 16.0444
551.5 16.0425
551.625 16.0406
551.75 16.0388
551.875 16.0369
552 16.035
552.125 16.033
552.25 16.031
552.375 16.029
552.5 16.027
552.625 16.025
552.75 16.023
552.875 16.021
553 16.019
553.125 16.0167
553.25 16.0145
553.375 16.0122
553.5 16.01
553.625 16.0077
553.75 16.0055
553.875 16.0033
554 16.001
554.125 15.9985
554.25 15.996
554.375 15.9935
554.5 15.991
554.625 15.9885
554.75 15.986
554.875 15.9835
555 15.981
555.125 15.9787
555.25 15.9765
555.375 15.9742
555.5 15.972
555.625 15.9698
555.75 15.9675
555.875 15.9653
556 15.963
556.125 15.9618
556.25 15.9605
556.375 15.9593
556.5 15.958
556.625 15.9568
556.75 15.9555
556.875 15.9542
557 15.953
557.125 15.9534
557.25 15.9537
557.375 15.9541
557.5 15.9545
557.625 15.9549
557.75 15.9552
557.875 15.9556
558 15.956
558.125 15.958
558.25 15.96
558.375 15.962
558.5 15.964
558.625 15.966
558.75 15.968
558.875 15.97
559 15.972
559.125 15.9753
559.25 15.9785
559.375 15.9818
559.5 15.985
559.625 15.9882
559.75 15.9915
559.875 15.9947
560 15.998
560.125 16.0021
560.25 16.0062
560.375 16.0104
560.5 16.0145
560.625 16.0186
560.75 16.0227
560.875 16.0269
561 16.031
561.125 16.0355
561.25 16.04
561.375 16.0445
561.5 16.049
561.625 16.0535
561.75 16.058
561.875 16.0625
562 16.067
562.125 16.0719
562.25 16.0767
562.375 16.0816
562.5 16.0865
562.625 16.0914
562.75 16.0963
562.875 16.1011
563 16.106
563.125 16.111
563.25 16.116
563.375 16.121
563.5 16.126
563.625 16.131
563.75 16.136
563.875 16.141
564 16.146
564.125 16.1512
564.25 16.1565
564.375 16.1617
564.5 16.167
564.625 16.1723
564.75 16.1775
564.875 16.1828
565 16.188
565.125 16.1935
565.25 16.199
565.375 16.2045
565.5 16.21
565.625 16.2155
565.75 16.221
565.875 16.2265
566 16.232
566.125 16.2372
566.25 16.2425
566.375 16.2477
566.5 16.253
566.625 16.2582
566.75 16.2635
566.875 16.2687
567 16.274
567.125 16.2785
567.25 16.283
567.375 16.2875
567.5 16.292
567.625 16.2965
567.75 16.301
567.875 16.3055
568 16.31
568.125 16.3133
568.25 16.3165
568.375 16.3198
568.5 16.323
568.625 16.3263
568.75 16.3295
568.875 16.3327
569 16.336
569.125 16.3372
569.25 16.3385
569.375 16.3397
569.5 16.341
569.625 16.3422
569.75 16.3435
569.875 16.3447
570 16.346
570.125 16.3451
570.25 16.3442
570.375 16.3434
570.5 16.3425
570.625 16.3416
570.75 16.3407
570.875 16.3398
571 16.339
571.125 16.3356
571.25 16.3322
571.375 16.3289
571.5 16.3255
571.625 16.3221
571.75 16.3187
571.875 16.3154
572 16.312
572.125 16.3063
572.25 16.3005
572.375 16.2948
572.5 16.289
572.625 16.2833
572.75 16.2775
572.875 16.2718
573 16.266
573.125 16.2575
573.25 16.249
573.375 16.2405
573.5 16.232
573.625 16.2235
573.75 16.215
573.875 16.2065
574 16.198
574.125 16.186
574.25 16.174
574.375 16.162
574.5 16.15
574.625 16.138
574.75 16.126
574.875 16.114
575 16.102
575.125 16.0862
575.25 16.0703
575.375 16.0544
575.5 16.0385
575.625 16.0226
575.75 16.0068
575.875 15.9909
576 15.975
576.125 15.9542
576.25 15.9333
576.375 15.9124
576.5 15.8915
576.625 15.8706
576.75 15.8498
576.875 15.8289
577 15.808
577.125 15.6852
577.25 15.5625
577.375 15.4397
577.5 15.317
577.625 15.1942
577.75 15.0715
577.875 14.9487
578 14.826
578.125 14.594
578.25 14.3619
578.375 14.1299
578.5 13.8979
578.625 13.6659
578.75 13.4339
578.875 13.202
579 12.97
579.125 12.5069
579.25 12.0439
579.375 11.5808
579.5 11.1178
579.625 10.6548
579.75 10.1919
579.875 9.72894
580 9.26603
580.125 8.7643
580.25 8.2626
580.375 7.76092
580.5 7.25928
580.625 6.75766
580.75 6.25607
580.875 5.75451
581 5.25297
581.125 4.84627
581.25 4.43959
581.375 4.03294
581.5 3.6263
581.625 3.21969
581.75 2.81311
581.875 2.40654
582 2
582.125 1.82084
582.25 1.6417
582.375 1.46256
582.5 1.28343
582.625 1.10432
582.75 0.925212
582.875 0.746116
583 0.56703
583.125 0.525267
583.25 0.483506
583.375 0.441748
583.5 0.399992
583.625 0.358238
583.75 0.316487
583.875 0.274738
584 0.232991
584.125 0.212236
584.25 0.191482
584.375 0.170728
584.5 0.149976
584.625 0.129225
584.75 0.108475
584.875 0.0877268
585 0.0669793
585.125 0.066409
585.25 0.0658388
585.375 0.0652685
585.5 0.0646984
585.625 0.0641282
585.75 0.0635581
585.875 0.062988
586 0.0624179
586.125 0.0618479
586.25 0.0612779
586.375 0.0607079
586.5 0.060138
586.625 0.0595681
586.75 0.0589982
586.875 0.0584283
587 0.0578585
587.125 0.0572887
587.25 0.056719
587.375 0.0561493
587.5 0.0555796
587.625 0.0550099
587.75 0.0544403
587.875 0.0538707
588 0.0533011
588.125 0.0527316
588.25 0.0521621
588.375 0.0515927
588.5 0.0510232
588.625 0.0504538
588.75 0.0498844
588.875 0.0493151
589 0.0487458
589.125 0.0481765
589.25 0.0476073
589.375 0.047038
589.5 0.0464689
589.625 0.0458997
589.75 0.0453306
589.875 0.0447615
590 0.0441924
590.125 0.0436234
590.25 0.0430544
590.375 0.0424855
590.5 0.0419165
590.625 0.0413476
590.75 0.0407788
590.875 0.0402099
591 0.0396411
591.125 0.0390723
591.25 0.0385036
591.375 0.0379349
591.5 0.0373662
591.625 0.0367976
591.75 0.0362289
591.875 0.0356604
592 0.0350918
592.125 0.0345233
592.25 0.0339548
592.375 0.0333863
592.5 0.0328179
592.625 0.0322495
592.75 0.0316811
592.875 0.0311128
593 0.0305445
593.125 0.0299762
593.25 0.029408
593.375 0.0288398
593.5 0.0282716
593.625 0.0277035
593.75 0.0271354
593.875 0.0265673
594 0.0259992
594.125 0.0364985
594.25 0.0469973
594.375 0.0574954
594.5 0.067993
594.625 0.07849
594.75 0.0889864
594.875 0.0994822
595 0.109977
595.125 0.127605
595.25 0.145232
595.375 0.162858
595.5 0.180483
595.625 0.198107
595.75 0.21573
595.875 0.233352
596 0.250972
596.125 0.271354
596.25 0.291735
596.375 0.312115
596.5 0.332493
596.625 0.352871
596.75 0.373247
596.875 0.393622
597 0.413996
597.125 0.454127
597.25 0.494255
597.375 0.534382
597.5 0.574506
597.625 0.614628
597.75 0.654747
597.875 0.694865
598 0.73498
598.125 0.841754
598.25 0.948522
598.375 1.05528
598.5 1.16204
598.625 1.26879
598.75 1.37553
598.875 1.48227
599 1.589
599.125 1.81643
599.25 2.04383
599.375 2.27123
599.5 2.49861
599.625 2.72598
599.75 2.95334
599.875 3.18069
600 3.40802
600.125 3.75637
600.25 4.10468
600.375 4.45297
600.5 4.80123
600.625 5.14946
600.75 5.49767
600.875 5.84584
601 6.19398
601.125 6.61973
601.25 7.04544
601.375 7.47112
601.5 7.89676
601.625 8.32237
601.75 8.74794
601.875 9.17347
602 9.59897
602.125 10.0341
602.25 10.4692
602.375 10.9042
602.5 11.3393
602.625 11.7742
602.75 12.2092
602.875 12.6441
603 13.079
603.125 13.4647
603.25 13.8504
603.375 14.2361
603.5 14.6218
603.625 15.0074
603.75 15.393
603.875 15.7785
604 16.164
604.125 16.4145
604.25 16.6649
604.375 16.9153
604.5 17.1657
604.625 17.416
604.75 17.6664
604.875 17.9167
605 18.167
605.125 18.2925
605.25 18.418
605.375 18.5436
605.5 18.6691
605.625 18.7946
605.75 18.92
605.875 19.0455
606 19.171
606.125 19.2066
606.25 19.2423
606.375 19.2779
606.5 19.3135
606.625 19.3491
606.75 19.3848
606.875 19.4204
607 19.456
607.125 19.4825
607.25 19.509
607.375 19.5355
607.5 19.562
607.625 19.5885
607.75 19.615
607.875 19.6415
608 19.668
608.125 19.6895
608.25 19.711
608.375 19.7325
608.5 19.754
608.625 19.7755
608.75 19.797
608.875 19.8185
609 19.84
609.125 19.8589
609.25 19.8777
609.375 19.8966
609.5 19.9155
609.625 19.9344
609.75 19.9533
609.875 19.9721
610 19.991
610.125 20.0085
610.25 20.026
610.375 20.0435
610.5 20.061
610.625 20.0785
610.75 20.096
610.875 20.1135
611 20.131
611.125 20.1475
611.25 20.164
611.375 20.1805
611.5 20.197
611.625 20.2135
611.75 20.23
611.875 20.2465
612 20.263
612.125 20.2783
612.25 20.2935
612.375 20.3088
612.5 20.324
612.625 20.3393
612.75 20.3545
612.875 20.3698
613 20.385
613.125 20.399
613.25 20.413
613.375 20.427
613.5 20.441
613.625 20.455
613.75 20.469
613.875 20.483
614 20.497
614.125 20.5099
614.25 20.5227
614.375 20.5356
614.5 20.5485
614.625 20.5614
614.75 20.5742
614.875 20.5871
615 20.6
615.125 20.612
615.25 20.624
615.375 20.636
615.5 20.648
615.625 20.66
615.75 20.672
615.875 20.684
616 20.696
616.125 20.7074
616.25 20.7188
616.375 20.7301
616.5 20.7415
616.625 20.7529
616.75 20.7643
616.875 20.7756
617 20.787
617.125 20.798
617.25 20.809
617.375 20.82
617.5 20.831
617.625 20.842
617.75 20.853
617.875 20.864
618 20.875
618.125 20.886
618.25 20.897
618.375 20.908
618.5 20.919
618.625 20.93
618.75 20.941
618.875 20.952
619 20.963
619.125 20.974
619.25 20.985
619.375 20.996
619.5 21.007
619.625 21.018
619.75 21.029
619.875 21.04
620 21.051
620.125 21.0621
620.25 21.0733
620.375 21.0844
620.5 21.0955
620.625 21.1066
620.75 21.1178
620.875 21.1289
621 21.14
621.125 21.1518
621.25 21.1635
621.375 21.1753
621.5 21.187
621.625 21.1987
621.75 21.2105
621.875 21.2222
622 21.234
622.125 21.2465
622.25 21.259
622.375 21.2715
622.5 21.284
622.625 21.2965
622.75 21.309
622.875 21.3215
623 21.334
623.125 21.3474
623.25 21.3608
623.375 21.3741
623.5 21.3875
623.625 21.4009
623.75 21.4142
623.875 21.4276
624 21.441
624.125 21.455
624.25 21.469
624.375 21.483
624.5 21.497
624.625 21.511
624.75 21.525
624.875 21.539
625 21.553
625.125 21.5671
625.25 21.5813
625.375 21.5954
625.5 21.6095
625.625 21.6237
625.75 21.6378
625.875 21.6519
626 21.666
626.125 21.6802
626.25 21.6943
626.375 21.7084
626.5 21.7225
626.625 21.7367
626.75 21.7508
626.875 21.7649
627 21.779
627.125 21.793
627.25 21.807
627.375 21.821
627.5 21.835
627.625 21.849
627.75 21.863
627.875 21.877
628 21.891
628.125 21.9048
628.25 21.9185
628.375 21.9323
628.5 21.946
628.625 21.9598
628.75 21.9735
628.875 21.9873
629 22.001
629.125 22.0151
629.25 22.0293
629.375 22.0434
629.5 22.0575
629.625 22.0716
629.75 22.0858
629.875 22.0999
630 22.114
630.125 22.1288
630.25 22.1435
630.375 22.1583
630.5 22.173
630.625 22.1877
630.75 22.2025
630.875 22.2172
631 22.232
631.125 22.2477
631.25 22.2635
631.375 22.2792
631.5 22.295
631.625 22.3107
631.75 22.3265
631.875 22.3422
632 22.358
632.125 22.3749
632.25 22.3917
632.375 22.4086
632.5 22.4255
632.625 22.4424
632.75 22.4592
632.875 22.4761
633 22.493
633.125 22.5109
633.25 22.5288
633.375 22.5466
633.5 22.5645
633.625 22.5824
633.75 22.6003
633.875 22.6181
634 22.636
634.125 22.6536
634.25 22.6713
634.375 22.6889
634.5 22.7065
634.625 22.7241
634.75 22.7418
634.875 22.7594
635 22.777
635.125 22.7949
635.25 22.8128
635.375 22.8306
635.5 22.8485
635.625 22.8664
635.75 22.8842
635.875 22.9021
636 22.92
636.125 22.9369
636.25 22.9537
636.375 22.9706
636.5 22.9875
636.625 23.0044
636.75 23.0213
636.875 23.0381
637 23.055
637.125 23.0717
637.25 23.0883
637.375 23.1049
637.5 23.1215
637.625 23.1382
637.75 23.1548
637.875 23.1714
638 23.188
638.125 23.2034
638.25 23.2188
638.375 23.2341
638.5 23.2495
638.625 23.2649
638.75 23.2803
638.875 23.2956
639 23.311
639.125 23.3255
639.25 23.34
639.375 23.3545
639.5 23.369
639.625 23.3835
639.75 23.398
639.875 23.4125
640 23.427
640.125 23.4404
640.25 23.4538
640.375 23.4672
640.5 23.4805
640.625 23.4939
640.75 23.5073
640.875 23.5207
641 23.534
641.125 23.5465
641.25 23.559
641.375 23.5715
641.5 23.584
641.625 23.5965
641.75 23.609
641.875 23.6215
642 23.634
642.125 23.6459
642.25 23.6577
642.375 23.6696
642.5 23.6815
642.625 23.6934
642.75 23.7052
642.875 23.7171
643 23.729
643.125 23.7408
643.25 23.7525
643.375 23.7643
643.5 23.776
643.625 23.7878
643.75 23.7995
643.875 23.8113
644 23.823
644.125 23.8349
644.25 23.8468
644.375 23.8586
644.5 23.8705
644.625 23.8824
644.75 23.8942
644.875 23.9061
645 23.918
645.125 23.9297
645.25 23.9415
645.375 23.9532
645.5 23.965
645.625 23.9767
645.75 23.9885
645.875 24.0002
646 24.012
646.125 24.0236
646.25 24.0353
646.375 24.0469
646.5 24.0585
646.625 24.0701
646.75 24.0817
646.875 24.0934
647 24.105
647.125 24.1162
647.25 24.1275
647.375 24.1387
647.5 24.15
647.625 24.1612
647.75 24.1725
647.875 24.1837
648 24.195
648.125 24.206
648.25 24.217
648.375 24.228
648.5 24.239
648.625 24.25
648.75 24.261
648.875 24.272
649 24.283
649.125 24.2935
649.25 24.304
649.375 24.3145
649.5 24.325
649.625 24.3355
649.75 24.346
649.875 24.3565
650 24.367
650.125 24.3766
650.25 24.3863
650.375 24.3959
650.5 24.4055
650.625 24.4151
650.75 24.4247
650.875 24.4344
651 24.444
651.125 24.4531
651.25 24.4622
651.375 24.4714
651.5 24.4805
651.625 24.4896
651.75 24.4988
651.875 24.5079
652 24.517
652.125 24.5256
652.25 24.5343
652.375 24.5429
652.5 24.5515
652.625 24.5601
652.75 24.5687
652.875 24.5774
653 24.586
653.125 24.5945
653.25 24.603
653.375 24.6115
653.5 24.62
653.625 24.6285
653.75 24.637
653.875 24.6455
654 24.654
654.125 24.6624
654.25 24.6707
654.375 24.6791
654.5 24.6875
654.625 24.6959
654.75 24.7043
654.875 24.7126
655 24.721
655.125 24.7295
655.25 24.738
655.375 24.7465
655.5 24.755
655.625 24.7635
655.75 24.772
655.875 24.7805
656 24.789
656.125 24.7979
656.25 24.8067
656.375 24.8156
656.5 24.8245
656.625 24.8334
656.75 24.8423
656.875 24.8511
657 24.86
657.125 24.8696
657.25 24.8793
657.375 24.8889
657.5 24.8985
657.625 24.9081
657.75 24.9177
657.875 24.9274
658 24.937
658.125 24.9479
658.25 24.9587
658.375 24.9696
658.5 24.9805
658.625 24.9914
658.75 25.0022
658.875 25.0131
659 25.024
659.125 25.036
659.25 25.048
659.375 25.06
659.5 25.072
659.625 25.084
659.75 25.096
659.875 25.108
660 25.12
660.125 25.1325
660.25 25.145
660.375 25.1575
660.5 25.17
660.625 25.1825
660.75 25.195
660.875 25.2075
661 25.22
661.125 25.2322
661.25 25.2445
661.375 25.2567
661.5 25.269
661.625 25.2812
661.75 25.2935
661.875 25.3057
662 25.318
662.125 25.3299
662.25 25.3417
662.375 25.3536
662.5 25.3655
662.625 25.3774
662.75 25.3892
662.875 25.4011
663 25.413
663.125 25.4247
663.25 25.4365
663.375 25.4482
663.5 25.46
663.625 25.4717
663.75 25.4835
663.875 25.4952
664 25.507
664.125 25.5189
664.25 25.5307
664.375 25.5426
664.5 25.5545
664.625 25.5664
664.75 25.5783
664.875 25.5901
665 25.602
665.125 25.6141
665.25 25.6263
665.375 25.6384
665.5 25.6505
665.625 25.6627
665.75 25.6748
665.875 25.6869
666 25.699
666.125 25.7109
666.25 25.7228
666.375 25.7346
666.5 25.7465
666.625 25.7584
666.75 25.7702
666.875 25.7821
667 25.794
667.125 25.8051
667.25 25.8162
667.375 25.8274
667.5 25.8385
667.625 25.8496
667.75 25.8608
667.875 25.8719
668 25.883
668.125 25.8936
668.25 25.9043
668.375 25.9149
668.5 25.9255
668.625 25.9362
668.75 25.9468
668.875 25.9574
669 25.968
669.125 25.9785
669.25 25.989
669.375 25.9995
669.5 26.01
669.625 26.0205
669.75 26.031
669.875 26.0415
670 26.052
670.125 26.0625
670.25 26.073
670.375 26.0835
670.5 26.094
670.625 26.1045
670.75 26.115
670.875 26.1255
671 26.136
671.125 26.1464
671.25 26.1568
671.375 26.1671
671.5 26.1775
671.625 26.1879
671.75 26.1983
671.875 26.2086
672 26.219
672.125 26.2289
672.25 26.2387
672.375 26.2486
672.5 26.2585
672.625 26.2684
672.75 26.2782
672.875 26.2881
673 26.298
673.125 26.3072
673.25 26.3165
673.375 26.3258
673.5 26.335
673.625 26.3443
673.75 26.3535
673.875 26.3628
674 26.372
674.125 26.3804
674.25 26.3888
674.375 26.3971
674.5 26.4055
674.625 26.4139
674.75 26.4223
674.875 26.4306
675 26.439
675.125 26.4463
675.25 26.4535
675.375 26.4608
675.5 26.468
675.625 26.4753
675.75 26.4825
675.875 26.4898
676 26.497
676.125 26.5031
676.25 26.5092
676.375 26.5154
676.5 26.5215
676.625 26.5276
676.75 26.5337
676.875 26.5399
677 26.546
677.125 26.5509
677.25 26.5557
677.375 26.5606
677.5 26.5655
677.625 26.5704
677.75 26.5753
677.875 26.5801
678 26.585
678.125 26.589
678.25 26.593
678.375 26.597
678.5 26.601
678.625 26.605
678.75 26.609
678.875 26.613
679 26.617
679.125 26.6205
679.25 26.624
679.375 26.6275
679.5 26.631
679.625 26.6345
679.75 26.638
679.875 26.6415
680 26.645
680.125 26.648
680.25 26.651
680.375 26.654
680.5 26.657
680.625 26.66
680.75 26.663
680.875 26.666
681 26.669
681.125 26.6717
681.25 26.6745
681.375 26.6772
681.5 26.68
681.625 26.6827
681.75 26.6855
681.875 26.6882
682 26.691
682.125 26.6936
682.25 26.6962
682.375 26.6989
682.5 26.7015
682.625 26.7041
682.75 26.7067
682.875 26.7094
683 26.712
683.125 26.7144
683.25 26.7168
683.375 26.7191
683.5 26.7215
683.625 26.7239
683.75 26.7263
683.875 26.7286
684 26.731
684.125 26.7336
684.25 26.7363
684.375 26.7389
684.5 26.7415
684.625 26.7441
684.75 26.7467
684.875 26.7494
685 26.752
685.125 26.7547
685.25 26.7575
685.375 26.7602
685.5 26.763
685.625 26.7657
685.75 26.7685
685.875 26.7712
686 26.774
686.125 26.7771
686.25 26.7802
686.375 26.7834
686.5 26.7865
686.625 26.7896
686.75 26.7927
686.875 26.7959
687 26.799
687.125 26.8021
687.25 26.8053
687.375 26.8084
687.5 26.8115
687.625 26.8146
687.75 26.8178
687.875 26.8209
688 26.824
688.125 26.8274
688.25 26.8308
688.375 26.8341
688.5 26.8375
688.625 26.8409
688.75 26.8442
688.875 26.8476
689 26.851
689.125 26.8546
689.25 26.8582
689.375 26.8619
689.5 26.8655
689.625 26.8691
689.75 26.8728
689.875 26.8764
690 26.88
690.125 26.884
690.25 26.888
690.375 26.892
690.5 26.896
690.625 26.9
690.75 26.904
690.875 26.908
691 26.912
691.125 26.9166
691.25 26.9212
691.375 26.9259
691.5 26.9305
691.625 26.9351
691.75 26.9398
691.875 26.9444
692 26.949
692.125 26.954
692.25 26.959
692.375 26.964
692.5 26.969
692.625 26.974
692.75 26.979
692.875 26.984
693 26.989
693.125 26.9949
693.25 27.0007
693.375 27.0066
693.5 27.0125
693.625 27.0184
693.75 27.0242
693.875 27.0301
694 27.036
694.125 27.043
694.25 27.05
694.375 27.057
694.5 27.064
694.625 27.071
694.75 27.078
694.875 27.085
695 27.092
695.125 27.1003
695.25 27.1085
695.375 27.1168
695.5 27.125
695.625 27.1333
695.75 27.1415
695.875 27.1497
696 27.158
696.125 27.1676
696.25 27.1772
696.375 27.1869
696.5 27.1965
696.625 27.2061
696.75 27.2157
696.875 27.2254
697 27.235
697.125 27.2445
697.25 27.254
697.375 27.2635
697.5 27.273
697.625 27.2825
697.75 27.292
697.875 27.3015
698 27.311
698.125 27.321
698.25 27.331
698.375 27.341
698.5 27.351
698.625 27.361
698.75 27.371
698.875 27.381
699 27.391
699.125 27.4014
699.25 27.4118
699.375 27.4222
699.5 27.4325
699.625 27.4429
699.75 27.4533
699.875 27.4636
700 27.474
700.125 27.4855
700.25 27.497
700.375 27.5085
700.5 27.52
700.625 27.5315
700.75 27.543
700.875 27.5545
701 27.566
701.125 27.5766
701.25 27.5873
701.375 27.5979
701.5 27.6085
701.625 27.6192
701.75 27.6298
701.875 27.6404
702 27.651
702.125 27.6599
702.25 27.6688
702.375 27.6777
702.5 27.6866
702.625 27.6954
702.75 27.7043
702.875 27.7132
703 27.722
703.125 27.7293
703.25 27.7365
703.375 27.7438
703.5 27.751
703.625 27.7583
703.75 27.7655
703.875 27.7727
704 27.78
704.125 27.7864
704.25 27.7927
704.375 27.7991
704.5 27.8055
704.625 27.8119
704.75 27.8182
704.875 27.8246
705 27.831
705.125 27.8366
705.25 27.8422
705.375 27.8479
705.5 27.8535
705.625 27.8591
705.75 27.8648
705.875 27.8704
706 27.876
706.125 27.8813
706.25 27.8865
706.375 27.8918
706.5 27.897
706.625 27.9023
706.75 27.9075
706.875 27.9128
707 27.918
707.125 27.9224
707.25 27.9268
707.375 27.9311
707.5 27.9355
707.625 27.9399
707.75 27.9443
707.875 27.9486
708 27.953
708.125 27.9562
708.25 27.9595
708.375 27.9627
708.5 27.966
708.625 27.9692
708.75 27.9725
708.875 27.9757
709 27.979
709.125 27.981
709.25 27.983
709.375 27.985
709.5 27.987
709.625 27.989
709.75 27.991
709.875 27.993
710 27.995
710.125 27.9959
710.25 27.9968
710.375 27.9976
710.5 27.9985
710.625 27.9994
710.75 28.0002
710.875 28.0011
711 28.002
711.125 28.0014
711.25 28.0007
711.375 28.0001
711.5 27.9995
711.625 27.9989
711.75 27.9982
711.875 27.9976
712 27.997
712.125 27.9942
712.25 27.9915
712.375 27.9887
712.5 27.986
712.625 27.9833
712.75 27.9805
712.875 27.9778
713 27.975
713.125 27.9696
713.25 27.9643
713.375 27.9589
713.5 27.9535
713.625 27.9481
713.75 27.9428
713.875 27.9374
714 27.932
714.125 27.9245
714.25 27.917
714.375 27.9095
714.5 27.902
714.625 27.8945
714.75 27.887
714.875 27.8795
715 27.872
715.125 27.8632
715.25 27.8545
715.375 27.8457
715.5 27.837
715.625 27.8282
715.75 27.8195
715.875 27.8108
716 27.802
716.125 27.7925
716.25 27.783
716.375 27.7735
716.5 27.764
716.625 27.7545
716.75 27.745
716.875 27.7355
717 27.726
717.125 27.716
717.25 27.706
717.375 27.696
717.5 27.686
717.625 27.676
717.75 27.666
717.875 27.656
718 27.646
718.125 27.636
718.25 27.626
718.375 27.616
718.5 27.606
718.625 27.596
718.75 27.586
718.875 27.576
719 27.566
719.125 27.556
719.25 27.546
719.375 27.536
719.5 27.526
719.625 27.516
719.75 27.506
719.875 27.496
720 27.486
720.125 27.4761
720.25 27.4663
720.375 27.4564
720.5 27.4465
720.625 27.4366
720.75 27.4267
720.875 27.4169
721 27.407
721.125 27.3974
721.25 27.3877
721.375 27.3781
721.5 27.3685
721.625 27.3589
721.75 27.3492
721.875 27.3396
722 27.33
722.125 27.3209
722.25 27.3117
722.375 27.3026
722.5 27.2935
722.625 27.2844
722.75 27.2752
722.875 27.2661
723 27.257
723.125 27.2484
723.25 27.2397
723.375 27.2311
723.5 27.2225
723.625 27.2139
723.75 27.2052
723.875 27.1966
724 27.188
724.125 27.1802
724.25 27.1725
724.375 27.1647
724.5 27.157
724.625 27.1492
724.75 27.1415
724.875 27.1337
725 27.126
725.125 27.1189
725.25 27.1117
725.375 27.1046
725.5 27.0975
725.625 27.0904
725.75 27.0832
725.875 27.0761
726 27.069
726.125 27.0626
726.25 27.0562
726.375 27.0499
726.5 27.0435
726.625 27.0371
726.75 27.0307
726.875 27.0243
727 27.018
727.125 27.0122
727.25 27.0065
727.375 27.0007
727.5 26.995
727.625 26.9892
727.75 26.9835
727.875 26.9778
728 26.972
728.125 26.9668
728.25 26.9615
728.375 26.9562
728.5 26.951
728.625 26.9457
728.75 26.9405
728.875 26.9352
729 26.93
729.125 26.925
729.25 26.92
729.375 26.915
729.5 26.91
729.625 26.905
729.75 26.9
729.875 26.895
730 26.89
730.125 26.885
730.25 26.88
730.375 26.875
730.5 26.87
730.625 26.865
730.75 26.86
730.875 26.855
731 26.85
731.125 26.8446
731.25 26.8393
731.375 26.8339
731.5 26.8285
731.625 26.8231
731.75 26.8177
731.875 26.8124
732 26.807
732.125 26.8015
732.25 26.796
732.375 26.7905
732.5 26.785
732.625 26.7795
732.75 26.774
732.875 26.7685
733 26.763
733.125 26.7571
733.25 26.7512
733.375 26.7454
733.5 26.7395
733.625 26.7336
733.75 26.7278
733.875 26.7219
734 26.716
734.125 26.7101
734.25 26.7043
734.375 26.6984
734.5 26.6925
734.625 26.6866
734.75 26.6807
734.875 26.6749
735 26.669
735.125 26.6631
735.25 26.6572
735.375 26.6514
735.5 26.6455
735.625 26.6396
735.75 26.6338
735.875 26.6279
736 26.622
736.125 26.6164
736.25 26.6108
736.375 26.6051
736.5 26.5995
736.625 26.5939
736.75 26.5882
736.875 26.5826
737 26.577
737.125 26.5717
737.25 26.5665
737.375 26.5612
737.5 26.556
737.625 26.5507
737.75 26.5455
737.875 26.5402
738 26.535
738.125 26.5302
738.25 26.5255
738.375 26.5207
738.5 26.516
738.625 26.5112
738.75 26.5065
738.875 26.5017
739 26.497
739.125 26.4927
739.25 26.4885
739.375 26.4842
739.5 26.48
739.625 26.4758
739.75 26.4715
739.875 26.4673
740 26.463
740.125 26.4591
740.25 26.4553
740.375 26.4514
740.5 26.4475
740.625 26.4436
740.75 26.4398
740.875 26.4359
741 26.432
741.125 26.4284
741.25 26.4248
741.375 26.4211
741.5 26.4175
741.625 26.4139
741.75 26.4103
741.875 26.4066
742 26.403
742.125 26.3998
742.25 26.3965
742.375 26.3933
742.5 26.39
742.625 26.3867
742.75 26.3835
742.875 26.3802
743 26.377
743.125 26.374
743.25 26.371
743.375 26.368
743.5 26.365
743.625 26.362
743.75 26.359
743.875 26.356
744 26.353
744.125 26.3503
744.25 26.3475
744.375 26.3448
744.5 26.342
744.625 26.3393
744.75 26.3365
744.875 26.3338
745 26.331
745.125 26.3285
745.25 26.326
745.375 26.3235
745.5 26.321
745.625 26.3185
745.75 26.316
745.875 26.3135
746 26.311
746.125 26.3088
746.25 26.3065
746.375 26.3043
746.5 26.302
746.625 26.2997
746.75 26.2975
746.875 26.2952
747 26.293
747.125 26.291
747.25 26.289
747.375 26.287
747.5 26.285
747.625 26.283
747.75 26.281
747.875 26.279
748 26.277
748.125 26.2758
748.25 26.2745
748.375 26.2733
748.5 26.272
748.625 26.2708
748.75 26.2695
748.875 26.2683
749 26.267
749.125 26.2663
749.25 26.2655
749.375 26.2648
749.5 26.264
749.625 26.2633
749.75 26.2625
749.875 26.2617
750 26.261
750.125 26.2604
750.25 26.2597
750.375 26.2591
750.5 26.2585
750.625 26.2579
750.75 26.2573
750.875 26.2566
751 26.256
751.125 26.2554
751.25 26.2548
751.375 26.2541
751.5 26.2535
751.625 26.2529
751.75 26.2523
751.875 26.2516
752 26.251
752.125 26.2506
752.25 26.2503
752.375 26.2499
752.5 26.2495
752.625 26.2491
752.75 26.2488
752.875 26.2484
753 26.248
753.125 26.2476
753.25 26.2473
753.375 26.2469
753.5 26.2465
753.625 26.2462
753.75 26.2458
753.875 26.2454
754 26.245
754.125 26.2445
754.25 26.244
754.375 26.2435
754.5 26.243
754.625 26.2425
754.75 26.242
754.875 26.2415
755 26.241
755.125 26.2404
755.25 26.2398
755.375 26.2391
755.5 26.2385
755.625 26.2379
755.75 26.2373
755.875 26.2366
756 26.236
756.125 26.2348
756.25 26.2335
756.375 26.2323
756.5 26.231
756.625 26.2298
756.75 26.2285
756.875 26.2273
757 26.226
757.125 26.2243
757.25 26.2225
757.375 26.2208
757.5 26.219
757.625 26.2173
757.75 26.2155
757.875 26.2137
758 26.212
758.125 26.2092
758.25 26.2065
758.375 26.2037
758.5 26.201
758.625 26.1983
758.75 26.1955
758.875 26.1928
759 26.19
759.125 26.1863
759.25 26.1825
759.375 26.1788
759.5 26.175
759.625 26.1713
759.75 26.1675
759.875 26.1638
760 26.16
760.125 26.1554
760.25 26.1507
760.375 26.1461
760.5 26.1415
760.625 26.1369
760.75 26.1322
760.875 26.1276
761 26.123
761.125 26.1173
761.25 26.1117
761.375 26.1061
761.5 26.1005
761.625 26.0949
761.75 26.0892
761.875 26.0836
762 26.078
762.125 26.0718
762.25 26.0655
762.375 26.0593
762.5 26.053
762.625 26.0468
762.75 26.0405
762.875 26.0343
763 26.028
763.125 26.0213
763.25 26.0145
763.375 26.0077
763.5 26.001
763.625 25.9942
763.75 25.9875
763.875 25.9807
764 25.974
764.125 25.9667
764.25 25.9595
764.375 25.9522
764.5 25.945
764.625 25.9377
764.75 25.9305
764.875 25.9232
765 25.916
765.125 25.9084
765.25 25.9007
765.375 25.8931
765.5 25.8855
765.625 25.8778
765.75 25.8702
765.875 25.8626
766 25.855
766.125 25.8467
766.25 25.8385
766.375 25.8302
766.5 25.822
766.625 25.8137
766.75 25.8055
766.875 25.7972
767 25.789
767.125 25.7804
767.25 25.7717
767.375 25.7631
767.5 25.7545
767.625 25.7459
767.75 25.7372
767.875 25.7286
768 25.72
768.125 25.7106
768.25 25.7012
768.375 25.6918
768.5 25.6825
768.625 25.6731
768.75 25.6637
768.875 25.6543
769 25.645
769.125 25.6355
769.25 25.626
769.375 25.6165
769.5 25.607
769.625 25.5975
769.75 25.588
769.875 25.5785
770 25.569
770.125 25.5587
770.25 25.5485
770.375 25.5382
770.5 25.528
770.625 25.5177
770.75 25.5075
770.875 25.4972
771 25.487
771.125 25.4765
771.25 25.466
771.375 25.4555
771.5 25.445
771.625 25.4345
771.75 25.424
771.875 25.4135
772 25.403
772.125 25.3915
772.25 25.38
772.375 25.3685
772.5 25.357
772.625 25.3455
772.75 25.334
772.875 25.3225
773 25.311
773.125 25.2992
773.25 25.2875
773.375 25.2757
773.5 25.264
773.625 25.2522
773.75 25.2405
773.875 25.2288
774 25.217
774.125 25.205
774.25 25.193
774.375 25.181
774.5 25.169
774.625 25.157
774.75 25.145
774.875 25.133
775 25.121
775.125 25.1081
775.25 25.0952
775.375 25.0823
775.5 25.0695
775.625 25.0566
775.75 25.0437
775.875 25.0309
776 25.018
776.125 25.004
776.25 24.99
776.375 24.976
776.5 24.962
776.625 24.948
776.75 24.934
776.875 24.92
777 24.906
777.125 24.8907
777.25 24.8755
777.375 24.8602
777.5 24.845
777.625 24.8297
777.75 24.8145
777.875 24.7992
778 24.784
778.125 24.7681
778.25 24.7522
778.375 24.7363
778.5 24.7204
778.625 24.7046
778.75 24.6887
778.875 24.6728
779 24.657
779.125 24.6406
779.25 24.6242
779.375 24.6078
779.5 24.5914
779.625 24.5751
779.75 24.5587
779.875 24.5423
780 24.526
780.125 24.5093
780.25 24.4927
780.375 24.4761
780.5 24.4595
780.625 24.4428
780.75 24.4262
780.875 24.4096
781 24.393
781.125 24.3771
781.25 24.3612
781.375 24.3453
781.5 24.3295
781.625 24.3136
781.75 24.2977
781.875 24.2819
782 24.266
782.125 24.2502
782.25 24.2345
782.375 24.2187
782.5 24.203
782.625 24.1872
782.75 24.1715
782.875 24.1557
783 24.14
783.125 24.1248
783.25 24.1095
783.375 24.0942
783.5 24.079
783.625 24.0637
783.75 24.0485
783.875 24.0332
784 24.018
784.125 24.0028
784.25 23.9875
784.375 23.9722
784.5 23.957
784.625 23.9417
784.75 23.9265
784.875 23.9113
785 23.896
785.125 23.8815
785.25 23.867
785.375 23.8525
785.5 23.838
785.625 23.8235
785.75 23.809
785.875 23.7945
786 23.78
786.125 23.7662
786.25 23.7525
786.375 23.7387
786.5 23.725
786.625 23.7112
786.75 23.6975
786.875 23.6837
787 23.67
787.125 23.6567
787.25 23.6435
787.375 23.6302
787.5 23.617
787.625 23.6037
787.75 23.5905
787.875 23.5772
788 23.564
788.125 23.5509
788.25 23.5377
788.375 23.5246
788.5 23.5115
788.625 23.4983
788.75 23.4852
788.875 23.4721
789 23.459
789.125 23.4462
789.25 23.4335
789.375 23.4207
789.5 23.408
789.625 23.3952
789.75 23.3825
789.875 23.3697
790 23.357
790.125 23.3447
790.25 23.3325
790.375 23.3202
790.5 23.308
790.625 23.2957
790.75 23.2835
790.875 23.2712
791 23.259
791.125 23.2474
791.25 23.2357
791.375 23.2241
791.5 23.2125
791.625 23.2009
791.75 23.1892
791.875 23.1776
792 23.166
792.125 23.1551
792.25 23.1443
792.375 23.1334
792.5 23.1225
792.625 23.1116
792.75 23.1008
792.875 23.0899
793 23.079
793.125 23.0693
793.25 23.0595
793.375 23.0498
793.5 23.04
793.625 23.0302
793.75 23.0205
793.875 23.0108
794 23.001
794.125 22.9924
794.25 22.9837
794.375 22.9751
794.5 22.9665
794.625 22.9579
794.75 22.9492
794.875 22.9406
795 22.932
795.125 22.9245
795.25 22.917
795.375 22.9095
795.5 22.902
795.625 22.8945
795.75 22.887
795.875 22.8795
796 22.872
796.125 22.8653
796.25 22.8585
796.375 22.8517
796.5 22.845
796.625 22.8382
796.75 22.8315
796.875 22.8247
797 22.818
797.125 22.8114
797.25 22.8047
797.375 22.7981
797.5 22.7915
797.625 22.7849
797.75 22.7783
797.875 22.7716
798 22.765
798.125 22.7583
798.25 22.7515
798.375 22.7448
798.5 22.738
798.625 22.7313
798.75 22.7245
798.875 22.7178
799 22.711
799.125 22.704
799.25 22.697
799.375 22.69
799.5 22.683
799.625 22.676
799.75 22.669
799.875 22.662
800 22.655
800.125 22.6475
800.25 22.64
800.375 22.6325
800.5 22.625
800.625 22.6175
800.75 22.61
800.875 22.6025
801 22.595
801.125 22.5873
801.25 22.5797
801.375 22.5721
801.5 22.5645
801.625 22.5568
801.75 22.5492
801.875 22.5416
802 22.534
802.125 22.5259
802.25 22.5177
802.375 22.5096
802.5 22.5015
802.625 22.4934
802.75 22.4852
802.875 22.4771
803 22.469
803.125 22.4604
803.25 22.4517
803.375 22.4431
803.5 22.4345
803.625 22.4259
803.75 22.4172
803.875 22.4086
804 22.4
804.125 22.3906
804.25 22.3812
804.375 22.3719
804.5 22.3625
804.625 22.3531
804.75 22.3437
804.875 22.3344
805 22.325
805.125 22.3155
805.25 22.306
805.375 22.2965
805.5 22.287
805.625 22.2775
805.75 22.268
805.875 22.2585
806 22.249
806.125 22.2392
806.25 22.2295
806.375 22.2197
806.5 22.21
806.625 22.2002
806.75 22.1905
806.875 22.1807
807 22.171
807.125 22.1614
807.25 22.1517
807.375 22.1421
807.5 22.1325
807.625 22.1229
807.75 22.1132
807.875 22.1036
808 22.094
808.125 22.0843
808.25 22.0745
808.375 22.0647
808.5 22.055
808.625 22.0452
808.75 22.0355
808.875 22.0257
809 22.016
809.125 22.0063
809.25 21.9967
809.375 21.9871
809.5 21.9775
809.625 21.9679
809.75 21.9582
809.875 21.9486
810 21.939
810.125 21.9294
810.25 21.9197
810.375 21.9101
810.5 21.9005
810.625 21.8909
810.75 21.8812
810.875 21.8716
811 21.862
811.125 21.8525
811.25 21.843
811.375 21.8335
811.5 21.824
811.625 21.8145
811.75 21.805
811.875 21.7955
812 21.786
812.125 21.7767
812.25 21.7675
812.375 21.7582
812.5 21.749
812.625 21.7397
812.75 21.7305
812.875 21.7212
813 21.712
813.125 21.7027
813.25 21.6935
813.375 21.6842
813.5 21.675
813.625 21.6657
813.75 21.6565
813.875 21.6472
814 21.638
814.125 21.6282
814.25 21.6185
814.375 21.6087
814.5 21.599
814.625 21.5892
814.75 21.5795
814.875 21.5698
815 21.56
815.125 21.5494
815.25 21.5387
815.375 21.5281
815.5 21.5175
815.625 21.5069
815.75 21.4962
815.875 21.4856
816 21.475
816.125 21.4639
816.25 21.4527
816.375 21.4416
816.5 21.4305
816.625 21.4193
816.75 21.4082
816.875 21.3971
817 21.386
817.125 21.3747
817.25 21.3635
817.375 21.3522
817.5 21.341
817.625 21.3297
817.75 21.3185
817.875 21.3072
818 21.296
818.125 21.2854
818.25 21.2747
818.375 21.2641
818.5 21.2535
818.625 21.2429
818.75 21.2322
818.875 21.2216
819 21.211
819.125 21.2011
819.25 21.1913
819.375 21.1814
819.5 21.1715
819.625 21.1616
819.75 21.1517
819.875 21.1419
820 21.132
820.125 21.1226
820.25 21.1133
820.375 21.1039
820.5 21.0946
820.625 21.0852
820.75 21.0758
820.875 21.0664
821 21.057
821.125 21.0477
821.25 21.0383
821.375 21.0289
821.5 21.0196
821.625 21.0102
821.75 21.0008
821.875 20.9914
822 20.982
822.125 20.9726
822.25 20.9633
822.375 20.9539
822.5 20.9445
822.625 20.9351
822.75 20.9258
822.875 20.9164
823 20.907
823.125 20.8975
823.25 20.888
823.375 20.8785
823.5 20.869
823.625 20.8595
823.75 20.85
823.875 20.8405
824 20.831
824.125 20.8215
824.25 20.8121
824.375 20.8026
824.5 20.7931
824.625 20.7836
824.75 20.7741
824.875 20.7645
825 20.755
825.125 20.7454
825.25 20.7358
825.375 20.7262
825.5 20.7165
825.625 20.7069
825.75 20.6973
825.875 20.6876
826 20.678
826.125 20.6684
826.25 20.6588
826.375 20.6491
826.5 20.6395
826.625 20.6299
826.75 20.6203
826.875 20.6106
827 20.601
827.125 20.5914
827.25 20.5818
827.375 20.5722
827.5 20.5625
827.625 20.5529
827.75 20.5433
827.875 20.5336
828 20.524
828.125 20.5143
828.25 20.5045
828.375 20.4948
828.5 20.485
828.625 20.4753
828.75 20.4655
828.875 20.4558
829 20.446
829.125 20.4365
829.25 20.427
829.375 20.4175
829.5 20.408
829.625 20.3985
829.75 20.389
829.875 20.3795
830 20.37
830.125 20.3608
830.25 20.3515
830.375 20.3423
830.5 20.333
830.625 20.3238
830.75 20.3145
830.875 20.3053
831 20.296
831.125 20.2871
831.25 20.2783
831.375 20.2694
831.5 20.2605
831.625 20.2517
831.75 20.2428
831.875 20.2339
832 20.225
832.125 20.2163
832.25 20.2075
832.375 20.1988
832.5 20.1901
832.625 20.1813
832.75 20.1725
832.875 20.1638
833 20.155
833.125 20.1458
833.25 20.1365
833.375 20.1273
833.5 20.118
833.625 20.1088
833.75 20.0995
833.875 20.0903
834 20.081
834.125 20.0714
834.25 20.0618
834.375 20.0522
834.5 20.0425
834.625 20.0329
834.75 20.0233
834.875 20.0137
835 20.004
835.125 19.9938
835.25 19.9835
835.375 19.9733
835.5 19.963
835.625 19.9528
835.75 19.9425
835.875 19.9322
836 19.922
836.125 19.9116
836.25 19.9013
836.375 19.8909
836.5 19.8805
836.625 19.8701
836.75 19.8598
836.875 19.8494
837 19.839
837.125 19.8284
837.25 19.8178
837.375 19.8072
837.5 19.7965
837.625 19.7859
837.75 19.7753
837.875 19.7647
838 19.754
838.125 19.7434
838.25 19.7328
838.375 19.7222
838.5 19.7116
838.625 19.7009
838.75 19.6903
838.875 19.6797
839 19.669
839.125 19.6585
839.25 19.648
839.375 19.6376
839.5 19.6271
839.625 19.6165
839.75 19.606
839.875 19.5955
840 19.585
840.125 19.5744
840.25 19.5638
840.375 19.5532
840.5 19.5426
840.625 19.532
840.75 19.5213
840.875 19.5107
841 19.5
841.125 19.4894
841.25 19.4788
841.375 19.4682
841.5 19.4576
841.625 19.447
841.75 19.4363
841.875 19.4257
842 19.415
842.125 19.4046
842.25 19.3941
842.375 19.3836
842.5 19.3731
842.625 19.3626
842.75 19.352
842.875 19.3415
843 19.331
843.125 19.3206
843.25 19.3103
843.375 19.2999
843.5 19.2896
843.625 19.2792
843.75 19.2688
843.875 19.2584
844 19.248
844.125 19.2378
844.25 19.2275
844.375 19.2173
844.5 19.2071
844.625 19.1968
844.75 19.1865
844.875 19.1763
845 19.166
845.125 19.1559
845.25 19.1458
845.375 19.1357
845.5 19.1256
845.625 19.1155
845.75 19.1053
845.875 19.0952
846 19.085
846.125 19.0751
846.25 19.0651
846.375 19.0551
846.5 19.0451
846.625 19.0351
846.75 19.0251
846.875 19.0151
847 19.005
847.125 18.9953
847.25 18.9856
847.375 18.9758
847.5 18.9661
847.625 18.9563
847.75 18.9466
847.875 18.9368
848 18.927
848.125 18.9173
848.25 18.9075
848.375 18.8978
848.5 18.8881
848.625 18.8783
848.75 18.8685
848.875 18.8588
849 18.849
849.125 18.8394
849.25 18.8298
849.375 18.8202
849.5 18.8106
849.625 18.8009
849.75 18.7913
849.875 18.7816
850 18.772
850.125 18.7625
850.25 18.7531
850.375 18.7436
850.5 18.7341
850.625 18.7246
850.75 18.7151
850.875 18.7056
851 18.696
851.125 18.6869
851.25 18.6778
851.375 18.6687
851.5 18.6596
851.625 18.6504
851.75 18.6413
851.875 18.6321
852 18.623
852.125 18.6144
852.25 18.6058
852.375 18.5972
852.5 18.5886
852.625 18.5799
852.75 18.5713
852.875 18.5626
853 18.554
853.125 18.5459
853.25 18.5378
853.375 18.5297
853.5 18.5216
853.625 18.5134
853.75 18.5053
853.875 18.4972
854 18.489
854.125 18.4813
854.25 18.4736
854.375 18.4658
854.5 18.4581
854.625 18.4503
854.75 18.4426
854.875 18.4348
855 18.427
855.125 18.4197
855.25 18.4123
855.375 18.4049
855.5 18.3976
855.625 18.3902
855.75 18.3828
855.875 18.3754
856 18.368
856.125 18.3608
856.25 18.3535
856.375 18.3463
856.5 18.3391
856.625 18.3318
856.75 18.3245
856.875 18.3173
857 18.31
857.125 18.3028
857.25 18.2955
857.375 18.2883
857.5 18.2811
857.625 18.2738
857.75 18.2665
857.875 18.2593
858 18.252
858.125 18.2446
858.25 18.2373
858.375 18.2299
858.5 18.2226
858.625 18.2152
858.75 18.2078
858.875 18.2004
859 18.193
859.125 18.1856
859.25 18.1783
859.375 18.1709
859.5 18.1635
859.625 18.1562
859.75 18.1488
859.875 18.1414
860 18.134
860.125 18.1261
860.25 18.1183
860.375 18.1104
860.5 18.1025
860.625 18.0947
860.75 18.0868
860.875 18.0789
861 18.071
861.125 18.0629
861.25 18.0548
861.375 18.0467
861.5 18.0385
861.625 18.0304
861.75 18.0223
861.875 18.0141
862 18.006
862.125 17.9974
862.25 17.9888
862.375 17.9802
862.5 17.9716
862.625 17.9629
862.75 17.9543
862.875 17.9456
863 17.937
863.125 17.928
863.25 17.919
863.375 17.91
863.5 17.9011
863.625 17.892
863.75 17.883
863.875 17.874
864 17.865
864.125 17.8556
864.25 17.8463
864.375 17.8369
864.5 17.8276
864.625 17.8182
864.75 17.8088
864.875 17.7994
865 17.79
865.125 17.7804
865.25 17.7708
865.375 17.7612
865.5 17.7516
865.625 17.7419
865.75 17.7323
865.875 17.7226
866 17.713
866.125 17.7031
866.25 17.6933
866.375 17.6834
866.5 17.6736
866.625 17.6637
866.75 17.6538
866.875 17.6439
867 17.634
867.125 17.6239
867.25 17.6138
867.375 17.6037
867.5 17.5936
867.625 17.5835
867.75 17.5733
867.875 17.5632
868 17.553
868.125 17.5427
868.25 17.5323
868.375 17.522
868.5 17.5116
868.625 17.5012
868.75 17.4908
868.875 17.4804
869 17.47
869.125 17.4594
869.25 17.4488
869.375 17.4382
869.5 17.4276
869.625 17.417
869.75 17.4063
869.875 17.3957
870 17.385
870.125 17.3744
870.25 17.3638
870.375 17.3532
870.5 17.3426
870.625 17.3319
870.75 17.3213
870.875 17.3107
871 17.3
871.125 17.2895
871.25 17.2791
871.375 17.2686
871.5 17.2581
871.625 17.2476
871.75 17.2371
871.875 17.2266
872 17.216
872.125 17.2054
872.25 17.1948
872.375 17.1842
872.5 17.1736
872.625 17.163
872.75 17.1523
872.875 17.1417
873 17.131
873.125 17.1204
873.25 17.1098
873.375 17.0992
873.5 17.0886
873.625 17.0779
873.75 17.0673
873.875 17.0566
874 17.046
874.125 17.0354
874.25 17.0248
874.375 17.0142
874.5 17.0036
874.625 16.9929
874.75 16.9823
874.875 16.9717
875 16.961
875.125 16.9505
875.25 16.9401
875.375 16.9296
875.5 16.9191
875.625 16.9086
875.75 16.898
875.875 16.8875
876 16.877
876.125 16.8668
876.25 16.8565
876.375 16.8463
876.5 16.836
876.625 16.8258
876.75 16.8155
876.875 16.8053
877 16.795
877.125 16.7851
877.25 16.7753
877.375 16.7654
877.5 16.7556
877.625 16.7457
877.75 16.7358
877.875 16.7259
878 16.716
878.125 16.7068
878.25 16.6976
878.375 16.6883
878.5 16.6791
878.625 16.6698
878.75 16.6606
878.875 16.6513
879 16.642
879.125 16.6331
879.25 16.6243
879.375 16.6154
879.5 16.6065
879.625 16.5977
879.75 16.5888
879.875 16.5799
880 16.571
880.125 16.5621
880.25 16.5533
880.375 16.5444
880.5 16.5356
880.625 16.5267
880.75 16.5178
880.875 16.5089
881 16.5
881.125 16.4907
881.25 16.4813
881.375 16.4719
881.5 16.4626
881.625 16.4532
881.75 16.4438
881.875 16.4344
882 16.425
882.125 16.4149
882.25 16.4048
882.375 16.3947
882.5 16.3846
882.625 16.3744
882.75 16.3643
882.875 16.3542
883 16.344
883.125 16.3333
883.25 16.3226
883.375 16.3118
883.5 16.3011
883.625 16.2903
883.75 16.2796
883.875 16.2688
884 16.258
884.125 16.2467
884.25 16.2353
884.375 16.2239
884.5 16.2126
884.625 16.2012
884.75 16.1898
884.875 16.1784
885 16.167
885.125 16.1549
885.25 16.1428
885.375 16.1307
885.5 16.1186
885.625 16.1064
885.75 16.0943
885.875 16.0822
886 16.07
886.125 16.0573
886.25 16.0446
886.375 16.0318
886.5 16.0191
886.625 16.0063
886.75 15.9936
886.875 15.9808
887 15.968
887.125 15.9544
887.25 15.9408
887.375 15.9272
887.5 15.9136
887.625 15.9
887.75 15.8863
887.875 15.8727
888 15.859
888.125 15.8442
888.25 15.8293
888.375 15.8145
888.5 15.7996
888.625 15.7847
888.75 15.7698
888.875 15.7549
889 15.74
889.125 15.7236
889.25 15.7071
889.375 15.6906
889.5 15.6741
889.625 15.6576
889.75 15.6411
889.875 15.6245
890 15.608
890.125 15.5899
890.25 15.5718
890.375 15.5537
890.5 15.5356
890.625 15.5175
890.75 15.4993
890.875 15.4812
891 15.463
891.125 15.4453
891.25 15.4276
891.375 15.4098
891.5 15.3921
891.625 15.3743
891.75 15.3566
891.875 15.3388
892 15.321
892.125 15.3036
892.25 15.2863
892.375 15.2689
892.5 15.2516
892.625 15.2342
892.75 15.2168
892.875 15.1994
893 15.182
893.125 15.165
893.25 15.1481
893.375 15.1311
893.5 15.1141
893.625 15.0971
893.75 15.0801
893.875 15.063
894 15.046
894.125 15.0278
894.25 15.0096
894.375 14.9913
894.5 14.9731
894.625 14.9548
894.75 14.9366
894.875 14.9183
895 14.9
895.125 14.8802
895.25 14.8603
895.375 14.8405
895.5 14.8206
895.625 14.8007
895.75 14.7808
895.875 14.7609
896 14.741
896.125 14.7194
896.25 14.6978
896.375 14.6762
896.5 14.6546
896.625 14.633
896.75 14.6113
896.875 14.5897
897 14.568
897.125 14.5454
897.25 14.5228
897.375 14.5002
897.5 14.4776
897.625 14.455
897.75 14.4324
897.875 14.4097
898 14.387
898.125 14.3646
898.25 14.3421
898.375 14.3196
898.5 14.2971
898.625 14.2746
898.75 14.2521
898.875 14.2295
899 14.207
899.125 14.1853
899.25 14.1636
899.375 14.1418
899.5 14.1201
899.625 14.0983
899.75 14.0766
899.875 14.0548
900 14.033
900.125 14.0119
900.25 13.9908
900.375 13.9697
900.5 13.9486
900.625 13.9275
900.75 13.9063
900.875 13.8852
901 13.864
901.125 13.8434
901.25 13.8228
901.375 13.8022
901.5 13.7816
901.625 13.761
901.75 13.7403
901.875 13.7197
902 13.699
902.125 13.6784
902.25 13.6578
902.375 13.6372
902.5 13.6166
902.625 13.596
902.75 13.5753
902.875 13.5547
903 13.534
903.125 13.5136
903.25 13.4931
903.375 13.4726
903.5 13.4521
903.625 13.4316
903.75 13.4111
903.875 13.3906
904 13.37
904.125 13.3498
904.25 13.3296
904.375 13.3093
904.5 13.2891
904.625 13.2688
904.75 13.2486
904.875 13.2283
905 13.208
905.125 13.1889
905.25 13.1698
905.375 13.1507
905.5 13.1316
905.625 13.1124
905.75 13.0933
905.875 13.0742
906 13.055
906.125 13.0385
906.25 13.0221
906.375 13.0056
906.5 12.9891
906.625 12.9726
906.75 12.9561
906.875 12.9396
907 12.923
907.125 12.9076
907.25 12.8921
907.375 12.8766
907.5 12.8611
907.625 12.8456
907.75 12.8301
907.875 12.8145
908 12.799
908.125 12.7838
908.25 12.7686
908.375 12.7533
908.5 12.7381
908.625 12.7228
908.75 12.7076
908.875 12.6923
909 12.677
909.125 12.6603
909.25 12.6436
909.375 12.6268
909.5 12.6101
909.625 12.5933
909.75 12.5766
909.875 12.5598
910 12.543
910.125 12.5267
910.25 12.5103
910.375 12.494
910.5 12.4776
910.625 12.4612
910.75 12.4448
910.875 12.4284
911 12.412
911.125 12.3959
911.25 12.3798
911.375 12.3637
911.5 12.3476
911.625 12.3314
911.75 12.3153
911.875 12.2991
912 12.283
912.125 12.2674
912.25 12.2518
912.375 12.2362
912.5 12.2206
912.625 12.2049
912.75 12.1893
912.875 12.1736
913 12.158
913.125 12.1414
913.25 12.1248
913.375 12.1082
913.5 12.0916
913.625 12.0749
913.75 12.0583
913.875 12.0416
914 12.025
914.125 12.0096
914.25 11.9943
914.375 11.9789
914.5 11.9636
914.625 11.9482
914.75 11.9328
914.875 11.9174
915 11.902
915.125 11.8858
915.25 11.8696
915.375 11.8533
915.5 11.8371
915.625 11.8208
915.75 11.8046
915.875 11.7883
916 11.772
916.125 11.7593
916.25 11.7466
916.375 11.7338
916.5 11.7211
916.625 11.7083
916.75 11.6955
916.875 11.6828
917 11.67
917.125 11.658
917.25 11.646
917.375 11.6341
917.5 11.6221
917.625 11.6101
917.75 11.5981
917.875 11.5861
918 11.574
918.125 11.5653
918.25 11.5566
918.375 11.5478
918.5 11.5391
918.625 11.5303
918.75 11.5215
918.875 11.5128
919 11.504
919.125 11.4949
919.25 11.4858
919.375 11.4767
919.5 11.4675
919.625 11.4584
919.75 11.4493
919.875 11.4401
920 11.431
920.125 11.4218
920.25 11.4125
920.375 11.4033
920.5 11.3941
920.625 11.3848
920.75 11.3756
920.875 11.3663
921 11.357
921.125 11.3469
921.25 11.3368
921.375 11.3267
921.5 11.3166
921.625 11.3064
921.75 11.2963
921.875 11.2862
922 11.276
922.125 11.2654
922.25 11.2548
922.375 11.2442
922.5 11.2336
922.625 11.2229
922.75 11.2123
922.875 11.2017
923 11.191
923.125 11.1804
923.25 11.1698
923.375 11.1592
923.5 11.1485
923.625 11.1379
923.75 11.1273
923.875 11.1166
924 11.106
924.125 11.0956
924.25 11.0853
924.375 11.0749
924.5 11.0645
924.625 11.0542
924.75 11.0438
924.875 11.0334
925 11.023
925.125 11.0131
925.25 11.0033
925.375 10.9934
925.5 10.9835
925.625 10.9737
925.75 10.9638
925.875 10.9539
926 10.944
926.125 10.9346
926.25 10.9253
926.375 10.9159
926.5 10.9066
926.625 10.8972
926.75 10.8878
926.875 10.8784
927 10.869
927.125 10.8603
927.25 10.8516
927.375 10.8428
927.5 10.8341
927.625 10.8253
927.75 10.8165
927.875 10.8078
928 10.799
928.125 10.7908
928.25 10.7825
928.375 10.7743
928.5 10.766
928.625 10.7578
928.75 10.7495
928.875 10.7413
929 10.733
929.125 9.39373
929.25 8.05379
929.375 6.71318
929.5 5.37189
929.625 4.02993
929.75 2.68729
929.875 2.68729